1.000000000 0.000000000 0.000000000 0.000000000 0.000000000 1.000000000 0.000000000 0.000000000 0.000000000 0.000000000 1.000000000 0.000000000
0.999541163 0.001535691 0.030249938 0.030893877 -0.001573606 0.999998033 0.001229621 -0.006624553 -0.030247990 -0.001276658 0.999541581 1.271953225
0.998156011 0.002198928 0.060660720 0.109446719 -0.002258320 0.999997139 0.000910545 -0.013595824 -0.060658537 -0.001045857 0.998158038 2.572794676
0.995807886 0.002697677 0.091429710 0.221072912 -0.002767774 0.999995947 0.000639881 -0.022387398 -0.091427624 -0.000890255 0.995811343 3.847093821
0.992438912 0.003909856 0.122677706 0.368454278 -0.003860239 0.999992311 -0.000642135 -0.032828249 -0.122679263 0.000163715 0.992446423 5.106780052
0.988122046 0.003191530 0.153637484 0.572840571 -0.003283057 0.999994516 0.000342032 -0.047315612 -0.153635487 -0.000842370 0.988127172 6.399859428
0.982743084 0.002261046 0.184961960 0.808494389 -0.002570027 0.999995649 0.001430781 -0.060443670 -0.184957892 -0.001881448 0.982744634 7.669352055
0.976268411 0.002244848 0.216552109 1.090116501 -0.002658007 0.999995291 0.001616663 -0.073772982 -0.216547415 -0.002153895 0.976269722 8.947676659
0.968564570 0.002382313 0.248750597 1.405797243 -0.002467225 0.999997020 0.000029594 -0.079580083 -0.248749763 -0.000642387 0.968567610 10.195458412
0.959561229 0.002400959 0.281489849 1.767671585 -0.002469732 0.999996960 -0.000110459 -0.094696291 -0.281489223 -0.000589212 0.959564328 11.426489830
0.949226677 0.002564782 0.314582735 2.172455311 -0.003220489 0.999993622 0.001564641 -0.103465647 -0.314576715 -0.002498310 0.949228883 12.659249306
0.937408864 0.003157604 0.348216265 2.612242937 -0.004823506 0.999980628 0.003917262 -0.116654485 -0.348197222 -0.005351700 0.937405944 13.874973297
0.924367547 0.003505241 0.381487042 3.104012251 -0.005766518 0.999971926 0.004784538 -0.125664130 -0.381459624 -0.006622524 0.924361825 15.069995880
0.909961343 0.005064547 0.414662182 3.634494781 -0.007239541 0.999967039 0.003673644 -0.131707847 -0.414629906 -0.006344838 0.909968019 16.253608704
0.894388974 0.005996058 0.447249979 4.219492912 -0.007533244 0.999970198 0.001658515 -0.141654968 -0.447226703 -0.004852601 0.894407511 17.427268982
0.877780974 0.007378876 0.479005247 4.849329472 -0.009004135 0.999958873 0.001096200 -0.139711827 -0.478977531 -0.005275251 0.877811253 18.603189468
0.859913707 0.008814496 0.510363400 5.508497715 -0.010994109 0.999938786 0.001254064 -0.147868872 -0.510321081 -0.006689376 0.859957993 19.730508804
0.841416299 0.010036925 0.540294230 6.213306427 -0.012371032 0.999923229 0.000690427 -0.152330562 -0.540245831 -0.007264934 0.841475904 20.831550598
0.822272718 0.010998410 0.568987489 6.951270580 -0.012538367 0.999920666 -0.001208431 -0.157242328 -0.568955541 -0.006140514 0.822345257 21.914775848
0.803256512 0.011660803 0.595519185 7.739256859 -0.012150914 0.999921083 -0.003189793 -0.169166923 -0.595509529 -0.004673881 0.803334653 22.975130081
0.783743262 0.011627516 0.620976031 8.553311348 -0.011800156 0.999923050 -0.003829984 -0.183996886 -0.620972812 -0.004325891 0.783820152 24.019294739
0.764259815 0.010753345 0.644818783 9.415161133 -0.010974687 0.999933064 -0.003667875 -0.197847560 -0.644815087 -0.004273476 0.764326513 25.041023254
0.745271087 0.009617867 0.666692197 10.319597244 -0.010178058 0.999943674 -0.003047749 -0.215817213 -0.666683853 -0.004514233 0.745326936 26.043954849
0.726914644 0.007797748 0.686683595 11.239888191 -0.007944217 0.999964058 -0.002945609 -0.231297076 -0.686681807 -0.003313957 0.726950526 27.012260437
0.709017217 0.005681670 0.705168247 12.205707550 -0.002881455 0.999982476 -0.005159861 -0.252654791 -0.705185294 0.001626519 0.709021211 27.955810547
0.691293597 0.003220137 0.722566903 13.176571846 0.001283104 0.999982953 -0.005684020 -0.265183806 -0.722572923 0.004856455 0.691277683 28.868259430
0.672694385 -0.000696197 0.739920139 14.176945686 0.003550498 0.999991000 -0.002287016 -0.290793061 -0.739911914 0.004165547 0.672690868 29.759513855
0.653425097 -0.001960525 0.756988704 15.191123962 0.004246694 0.999990344 -0.001075829 -0.304868042 -0.756979287 0.003917672 0.653427124 30.626871109
0.633431911 0.003048067 0.773792386 16.222343445 0.001157892 0.999987364 -0.004886937 -0.319585711 -0.773797452 0.003991510 0.633420467 31.480537415
0.614224076 0.008483983 0.789085984 17.281949997 0.001120712 0.999931753 -0.011623286 -0.332569838 -0.789130807 0.008023641 0.614172697 32.305892944
0.596053720 0.013892503 0.802824259 18.391067505 0.001671208 0.999826670 -0.018542316 -0.354438126 -0.802942812 0.012393904 0.595927119 33.123535156
0.578205705 0.016950767 0.815714955 19.536121368 0.001140905 0.999766350 -0.021584118 -0.380994618 -0.815890193 0.013410712 0.578051269 33.924301147
0.558980942 0.019607693 0.828948557 20.646785736 -0.001312348 0.999740064 -0.022762593 -0.411216199 -0.829179466 0.011635984 0.558861315 34.715705872
0.539165437 0.024532273 0.841842413 21.836246490 -0.006803846 0.999669909 -0.024773970 -0.438358843 -0.842172384 0.007629502 0.539154470 35.490005493
0.518909276 0.027407927 0.854389668 23.051414490 -0.011904345 0.999620557 -0.024836732 -0.470934480 -0.854746401 0.002717064 0.519038677 36.251594543
0.499112308 0.027298156 0.866107166 24.318820953 -0.015629472 0.999624670 -0.022499580 -0.504744530 -0.866396308 -0.002306982 0.499351561 36.988677979
0.478347182 0.027643738 0.877735615 25.601299286 -0.018461173 0.999600112 -0.021420835 -0.540448070 -0.877976716 -0.005957431 0.478666276 37.709190369
0.458471507 0.027088804 0.888296127 26.952299118 -0.020226298 0.999594450 -0.020043584 -0.571317792 -0.888478875 -0.008777533 0.458833426 38.404739380
0.439068139 0.028210279 0.898010731 28.271659851 -0.022445520 0.999539435 -0.020425333 -0.602579117 -0.898173332 -0.011188205 0.439499140 39.110202789
0.421841621 0.028416052 0.906224072 29.604312897 -0.023586536 0.999514401 -0.020361928 -0.645881891 -0.906362593 -0.012785178 0.422307104 39.782409668
0.406782925 0.028507276 0.913079917 31.033313751 -0.023386994 0.999510288 -0.020786667 -0.673405409 -0.913225412 -0.012898533 0.407250494 40.416404724
0.392428458 0.028676957 0.919335365 32.537979126 -0.023869803 0.999494672 -0.020988291 -0.700802386 -0.919472754 -0.013707950 0.392914772 41.053291321
0.378340095 0.026958263 0.925274014 33.988224030 -0.021889612 0.999556839 -0.020171970 -0.747465849 -0.925407827 -0.012622023 0.378762484 41.684700012
0.365312099 0.025488596 0.930536032 35.514091492 -0.020262416 0.999605954 -0.019425847 -0.777952313 -0.930664539 -0.011758413 0.365684539 42.273719788
0.351623863 0.025288964 0.935799718 37.061988831 -0.019866174 0.999611557 -0.019548757 -0.785142064 -0.935930490 -0.011716949 0.351989657 42.871913910
0.340208977 0.021695493 0.940099537 38.608234406 -0.017206436 0.999710023 -0.016844410 -0.836207449 -0.940192401 -0.010445145 0.340483636 43.426216125
0.329505563 0.020582553 0.943929255 40.209438324 -0.015933359 0.999741256 -0.016237544 -0.860199213 -0.944019139 -0.009689608 0.329748183 43.974838257
0.319270313 0.021427756 0.947421312 41.841503143 -0.014162652 0.999740541 -0.017838398 -0.882938802 -0.947557807 -0.007722730 0.319490939 44.523208618
0.312321901 0.019620838 0.949773669 43.506141663 -0.010858353 0.999795079 -0.017083559 -0.919235468 -0.949914277 -0.004977408 0.312470973 45.058815002
0.306479514 0.019236811 0.951682806 45.197521210 -0.008529891 0.999811172 -0.017462686 -0.939477205 -0.951839089 -0.002765796 0.306585729 45.583435059
0.301256865 0.019420153 0.953345239 46.900444031 -0.006159594 0.999811411 -0.018420262 -0.975442410 -0.953523159 -0.000322988 0.301319689 46.118518829
0.298110813 0.018828129 0.954345584 48.576881409 -0.005373917 0.999822676 -0.018046685 -1.003323436 -0.954516113 0.000251337 0.298159152 46.654884338
0.295488328 0.019120948 0.955154955 50.322765350 -0.003420270 0.999814391 -0.018956872 -1.027761221 -0.955340147 0.002334646 0.295498908 47.174468994
0.293446064 0.019059859 0.955785573 52.065555573 -0.001635939 0.999809742 -0.019435506 -1.067044854 -0.955974162 0.004139666 0.293421507 47.703483582
0.291177392 0.018362131 0.956492841 53.917190552 -0.000968920 0.999820948 -0.018898955 -1.106997490 -0.956668556 0.004576183 0.291143119 48.233894348
0.289112389 0.018884324 0.957108974 55.724685669 -0.001135151 0.999811530 -0.019383978 -1.139683962 -0.957294464 0.004517684 0.289079368 48.758399963
0.286924750 0.018999543 0.957764626 57.599269867 -0.001224328 0.999809861 -0.019466821 -1.172949195 -0.957952321 0.004412895 0.286893368 49.302772522
0.285070926 0.017715100 0.958342671 59.418548584 -0.002255829 0.999838829 -0.017811138 -1.206711531 -0.958503783 0.002915580 0.285064906 49.833637238
0.282477498 0.017646287 0.959111631 61.320339203 -0.001146914 0.999836206 -0.018057775 -1.244456530 -0.959273219 0.004000896 0.282451481 50.379760742
0.280179948 0.016247023 0.959810019 63.198123932 -0.000943961 0.999860823 -0.016649429 -1.273480654 -0.959947050 0.003758812 0.280156314 50.904472351
0.277291209 0.016822610 0.960638642 65.100357056 -0.001335700 0.999852479 -0.017123766 -1.307200313 -0.960785151 0.003465144 0.277272671 51.440803528
0.274841249 0.018796504 0.961305857 66.991798401 -0.001540707 0.999816179 -0.019109007 -1.341672897 -0.961488426 0.003770852 0.274819702 51.964286804
0.271485358 0.020885391 0.962215960 68.933876038 -0.002854969 0.999777555 -0.020895166 -1.376897812 -0.962438345 0.002925634 0.271484524 52.496463776
0.269139618 0.021490477 0.962861359 70.883506775 -0.003120521 0.999765277 -0.021441897 -1.414064050 -0.963096082 0.002766236 0.269143522 53.022010803
0.267002523 0.019630797 0.963495791 72.868988037 -0.002384746 0.999803007 -0.019709680 -1.463850141 -0.963693023 0.002964841 0.266996711 53.563861847
0.265914202 0.018477824 0.963819563 74.844154358 -0.001861664 0.999824286 -0.018654458 -1.502451539 -0.963994920 0.003166178 0.265901864 54.083084106
0.264428049 0.017312478 0.964250028 76.858406067 -0.000359367 0.999840498 -0.017852936 -1.545616865 -0.964405298 0.004374298 0.264392078 54.611473083
0.263586700 0.016063098 0.964502096 78.833831787 0.000636685 0.999858201 -0.016825929 -1.585796595 -0.964635491 0.005049176 0.263539106 55.132118225
0.263088226 0.016454870 0.964631438 80.856254578 0.001263081 0.999847770 -0.017400084 -1.621131539 -0.964770973 0.005796165 0.263027340 55.659099579
0.262336314 0.017169105 0.964823782 82.865036011 0.003112522 0.999821424 -0.018638188 -1.662296772 -0.964971423 0.007892508 0.262235999 56.194480896
0.262117565 0.017312413 0.964880645 84.870101929 0.002587346 0.999822855 -0.018642236 -1.704982519 -0.965032458 0.007382939 0.262026340 56.741088867
0.262174875 0.018478643 0.964843452 86.929351807 0.002438398 0.999800801 -0.019810725 -1.744857907 -0.965017259 0.007546548 0.262077570 57.275199890
0.262386829 0.018103572 0.964792967 89.036437988 0.001627573 0.999814272 -0.019203357 -1.799282670 -0.964961410 0.006608977 0.262308627 57.823410034
0.262986183 0.017135512 0.964647472 91.120491028 0.001569717 0.999833345 -0.018188478 -1.845826268 -0.964798272 0.006297543 0.262915522 58.367404938
0.263718784 0.017607471 0.964439034 93.223205566 0.001591054 0.999824107 -0.018688552 -1.887727380 -0.964598238 0.006462997 0.263644367 58.919311523
0.265233546 0.017002292 0.964034379 95.313110352 0.003589947 0.999820173 -0.018621134 -1.933103681 -0.964177549 0.008399780 0.265124798 59.467868805
0.267508000 0.018439800 0.963379085 97.433662415 0.002289900 0.999801815 -0.019772809 -1.977380633 -0.963552892 0.007495427 0.267412722 60.013954163
0.268881470 0.019614883 0.962973475 99.543556213 0.003877601 0.999762475 -0.021446943 -2.026916742 -0.963165402 0.009500713 0.268741548 60.584945679
0.270160794 0.019743474 0.962612689 101.672897339 0.005853857 0.999737501 -0.022147818 -2.087916136 -0.962797403 0.011618469 0.269974351 61.180419922
0.271332651 0.018344523 0.962310791 103.783271790 0.006943952 0.999754965 -0.021016236 -2.137788773 -0.962460577 0.012384629 0.271138787 61.776287079
0.271234989 0.017441459 0.962355137 105.826385498 0.006381885 0.999781251 -0.019918462 -2.181491375 -0.962491989 0.011544224 0.271064341 62.373424530
0.272864997 0.017512988 0.961892903 107.969284058 0.006164313 0.999781966 -0.019951485 -2.233366489 -0.962032557 0.011373472 0.272697508 62.954708099
0.274258465 0.017425269 0.961498141 110.223915100 0.007030209 0.999772787 -0.020124225 -2.292721987 -0.961630344 0.012278771 0.274073571 63.546501160
0.275574207 0.017895821 0.961113274 112.396286011 0.006861696 0.999764621 -0.020582918 -2.339469194 -0.961255372 0.012266986 0.275386542 64.149902344
0.277168870 0.018858396 0.960636258 114.588943481 0.005344825 0.999761581 -0.021168601 -2.391889334 -0.960806370 0.011001708 0.277002037 64.755989075
0.277812570 0.019870371 0.960429788 116.770240784 0.003479326 0.999758601 -0.021690473 -2.447732210 -0.960628986 0.009367534 0.277676374 65.380065918
0.278490692 0.023205327 0.960158527 118.904594421 0.000379826 0.999705315 -0.024271270 -2.505236387 -0.960438848 0.007124017 0.278399825 66.002365112
0.279192865 0.021978149 0.959983468 121.129180908 -0.001801744 0.999748230 -0.022364533 -2.565628529 -0.960233390 0.004514374 0.279162228 66.627746582
0.278829128 0.020360973 0.960124850 123.377555847 -0.002121724 0.999785841 -0.020585878 -2.619748592 -0.960338295 0.003702823 0.278812647 67.267120361
0.278689623 0.021322221 0.960144579 125.587196350 -0.000965493 0.999759257 -0.021921715 -2.670454502 -0.960380673 0.005182342 0.278643161 67.905403137
0.279001981 0.024666004 0.959973574 127.794998169 0.000249671 0.999668181 -0.025758490 -2.725584030 -0.960290492 0.007426349 0.278903157 68.522735596
0.279247552 0.024652958 0.959902525 130.016342163 0.000030788 0.999670208 -0.025683252 -2.788039923 -0.960219026 0.007201540 0.279154748 69.171142578
0.279040635 0.022145081 0.960023940 132.293319702 0.001440189 0.999723256 -0.023479441 -2.851786852 -0.960278213 0.007934334 0.278931528 69.815704346
0.277994037 0.017730700 0.960419238 134.545761108 0.005225692 0.999786854 -0.019970069 -2.906434536 -0.960568607 0.010570413 0.277842134 70.464889526
0.277871728 0.016608052 0.960474610 136.837326050 0.006581794 0.999794126 -0.019192107 -2.950313091 -0.960595548 0.011654588 0.277705193 71.103683472
0.277058631 0.018098714 0.960682511 139.128189087 0.004336143 0.999788880 -0.020085990 -3.000690222 -0.960843205 0.009730652 0.276921630 71.763717651
0.275750130 0.021241365 0.960994661 141.435897827 0.001184870 0.999747515 -0.022437930 -3.055122852 -0.961228609 0.007325916 0.275655270 72.420806885
0.274209172 0.022806672 0.961399615 143.743881226 0.001121642 0.999710441 -0.024035409 -3.112051010 -0.961669445 0.007669076 0.274104178 73.070648193
0.272555947 0.023661507 0.961849093 146.050201416 0.001909399 0.999682426 -0.025133267 -3.170214891 -0.962138057 0.008686773 0.272424132 73.701507568
0.271106154 0.022767203 0.962280154 148.367828369 0.003010368 0.999695301 -0.024500547 -3.231273651 -0.962544680 0.009539067 0.270954937 74.336868286
0.268079132 0.021858584 0.963148892 150.632904053 0.002197075 0.999726057 -0.023300225 -3.310125828 -0.963394344 0.008362416 0.267957658 74.961402893
0.264984667 0.022204936 0.963996947 152.948654175 0.000508579 0.999731421 -0.023167850 -3.367393732 -0.964252412 0.006629395 0.264902204 75.614372253
0.261889488 0.023245912 0.964817882 155.351211548 0.000267769 0.999708116 -0.024159230 -3.435855389 -0.965097785 0.006585397 0.261806846 76.244262695
0.258586049 0.022294724 0.965730965 157.727813721 0.000927680 0.999727488 -0.023327960 -3.508251905 -0.965987802 0.006928173 0.258494884 76.874832153
0.254425764 0.022429956 0.966832101 160.055755615 0.000267260 0.999729276 -0.023263479 -3.570303917 -0.967092276 0.006177226 0.254350871 77.524772644
0.250927329 0.024011908 0.967708051 162.442779541 0.000183841 0.999691069 -0.024853176 -3.627034187 -0.968005896 0.006414246 0.250845402 78.137435913
0.247490600 0.023385251 0.968607962 164.843658447 -0.000025289 0.999708831 -0.024129659 -3.693825722 -0.968890309 0.005947369 0.247419119 78.766746521
0.243661419 0.023030113 0.969586849 167.236724854 0.000241046 0.999716520 -0.023806345 -3.764028549 -0.969860315 0.006034403 0.243586808 79.390777588
0.239730820 0.023500293 0.970554948 169.575546265 0.000125801 0.999706209 -0.024237219 -3.817589760 -0.970839322 0.005932504 0.239657447 79.989799500
0.236861199 0.023206213 0.971266270 171.981384277 0.000925596 0.999708831 -0.024111507 -3.888701439 -0.971543014 0.006610081 0.236770734 80.563072205
0.234331176 0.022941405 0.971886098 174.340896606 0.001043361 0.999714971 -0.023849873 -3.971960068 -0.972156286 0.006602797 0.234240428 81.121810913
0.232412338 0.022300536 0.972361624 176.708282471 0.002085245 0.999723375 -0.023426477 -4.060017586 -0.972615123 0.007472214 0.232301533 81.698394775
0.230966091 0.021196410 0.972730815 179.084411621 0.003692717 0.999736369 -0.022661677 -4.123040676 -0.972954810 0.008826099 0.230826959 82.251548767
0.229867727 0.019434838 0.973027825 181.499145508 0.005791536 0.999755561 -0.021336876 -4.197029114 -0.973204613 0.010539984 0.229699016 82.817031860
0.228081360 0.017506443 0.973484695 183.854736328 0.008307801 0.999767065 -0.019925551 -4.278743744 -0.973606646 0.012632165 0.227882773 83.379959106
0.226814985 0.016411997 0.973799646 186.291702271 0.008813457 0.999782503 -0.018902712 -4.357447147 -0.973897994 0.012869962 0.226621017 83.941467285
0.224812582 0.016901040 0.974255383 188.656616211 0.007818578 0.999786079 -0.019148098 -4.435529232 -0.974370778 0.011922026 0.224632338 84.498252869
0.223357186 0.019186702 0.974547744 191.069686890 0.006324244 0.999756634 -0.021132467 -4.512717724 -0.974716187 0.010883367 0.223181486 85.047538757
0.220881805 0.021013303 0.975074172 193.550704956 0.005748086 0.999722421 -0.022846585 -4.586890697 -0.975283623 0.010651205 0.220699713 85.606483459
0.218912363 0.022869634 0.975476444 195.998580933 0.002586507 0.999708116 -0.024018189 -4.672882557 -0.975741088 0.007780955 0.218789309 86.153022766
0.216631621 0.022417761 0.975996137 198.429626465 -0.002772586 0.999746382 -0.022347890 -4.749607563 -0.976249456 0.002135226 0.216638878 86.704498291
0.213782862 0.018081971 0.976713896 200.865005493 -0.003138751 0.999836266 -0.017823026 -4.823383331 -0.976876080 0.000744596 0.213804618 87.243545532
0.212083086 0.015757890 0.977124572 203.304138184 0.000199840 0.999869287 -0.016168062 -4.894985199 -0.977251768 0.003624241 0.212052211 87.759994507
0.209461913 0.016764475 0.977673113 205.750396729 0.001130342 0.999848247 -0.017386893 -4.958310127 -0.977816224 0.004746996 0.209411174 88.277679443
0.206429690 0.020707954 0.978242218 208.171264648 0.000889238 0.999771655 -0.021351349 -5.033136368 -0.978461027 0.005277442 0.206364125 88.802719116
0.203474268 0.024571039 0.978771865 210.593139648 0.000540155 0.999682069 -0.025208259 -5.115795612 -0.979080141 0.005657921 0.203396291 89.300933838
0.200698689 0.025555225 0.979319632 213.004440308 0.000390955 0.999657512 -0.026166065 -5.211356640 -0.979652882 0.005634365 0.200619966 89.793579102
0.196882024 0.025440782 0.980097055 215.336639404 0.000001306 0.999663293 -0.025948932 -5.282576084 -0.980427206 0.005110159 0.196815670 90.321624756
0.194425538 0.028828828 0.980493546 217.742370605 0.001285022 0.999559700 -0.029644230 -5.372229099 -0.980916500 0.007023551 0.194302887 90.796745300
0.192418963 0.031649724 0.980802357 220.176620483 0.000311424 0.999477684 -0.032313455 -5.465033531 -0.981312811 0.006523168 0.192308649 91.257286072
0.190761939 0.030930113 0.981148899 222.585372925 -0.001077943 0.999509513 -0.031299327 -5.565527439 -0.981635690 0.004913099 0.190701708 91.720718384
0.188512176 0.030040078 0.981611311 224.986083984 -0.003060483 0.999545157 -0.030001158 -5.651988506 -0.982066035 0.002651380 0.188518360 92.191574097
0.186539948 0.025803886 0.982108474 227.462127686 -0.004290249 0.999666929 -0.025450334 -5.738812923 -0.982437968 0.000534014 0.186588496 92.663330078
0.185702503 0.024408657 0.982302845 229.918762207 -0.004449927 0.999702036 -0.023999749 -5.813510895 -0.982595921 0.000085638 0.185755804 93.126243591
0.184254706 0.022477398 0.982621491 232.420181274 -0.001805810 0.999744534 -0.022530477 -5.902468681 -0.982876897 0.002376918 0.184248254 93.592529297
0.182789549 0.021728868 0.982911944 234.890960693 -0.000125882 0.999756277 -0.022077829 -5.982250214 -0.983152092 0.003911865 0.182747751 94.039230347
0.181941479 0.021827104 0.983067036 237.328979492 0.000551044 0.999751210 -0.022299532 -6.052184582 -0.983309269 0.004598923 0.181884184 94.468208313
0.180023625 0.022666924 0.983401120 239.719329834 0.002163303 0.999722838 -0.023439154 -6.142558575 -0.983659923 0.006346996 0.179924712 94.897811890
0.178551480 0.024118843 0.983634949 242.162994385 0.002951838 0.999681771 -0.025048140 -6.225287914 -0.983926237 0.007375913 0.178423464 95.325469971
0.175849646 0.023599634 0.984134138 244.610198975 0.004624741 0.999681771 -0.024798835 -6.310316086 -0.984406173 0.008912230 0.175684541 95.770828247
0.174242362 0.025838744 0.984363854 247.018249512 0.004196507 0.999627113 -0.026982220 -6.400021553 -0.984693825 0.008832335 0.174068958 96.190597534
0.170211270 0.026209621 0.985058963 249.403274536 -0.001778994 0.999652684 -0.026290525 -6.486404896 -0.985405922 0.002722530 0.170198813 96.634819031
0.166650176 0.025100673 0.985696495 251.774627686 -0.005645297 0.999683857 -0.024502417 -6.564934731 -0.985999882 -0.001481217 0.166739181 97.076637268
0.165154248 0.024022644 0.985975146 254.215850830 -0.004957127 0.999710917 -0.023526972 -6.648590088 -0.986255288 -0.001002025 0.165225625 97.438446045
0.163927421 0.027623871 0.986085474 256.618591309 -0.002832513 0.999616921 -0.027532056 -6.731542110 -0.986468375 0.001720158 0.163942859 97.835639954
0.163129866 0.030026190 0.986147583 259.032867432 -0.000753296 0.999540210 -0.030309360 -6.822819233 -0.986604333 0.004201500 0.163077518 98.229171753
0.162394851 0.029384013 0.986288249 261.468139648 0.001932394 0.999545097 -0.030097146 -6.920414925 -0.986723959 0.006793519 0.162264183 98.611953735
0.160479680 0.027303938 0.986661434 263.794250488 0.003579348 0.999594569 -0.028244017 -7.009797096 -0.987032652 0.008064195 0.160316899 99.021057129
0.159446672 0.025407057 0.986879528 266.164489746 0.004715648 0.999637723 -0.026497405 -7.094863892 -0.987195253 0.008878698 0.159269109 99.399337769
0.157515049 0.026280655 0.987166822 268.505523682 0.003160991 0.999627292 -0.027116753 -7.174437046 -0.987511516 0.007391723 0.157373264 99.788650513
0.155831024 0.025898775 0.987444162 270.874114990 0.003238280 0.999637425 -0.026729625 -7.272548199 -0.987778425 0.007362925 0.155690625 100.179855347
0.154191568 0.026042674 0.987697721 273.258117676 0.001169418 0.999647021 -0.026540305 -7.345901966 -0.988040209 0.005247321 0.154106647 100.536254883
0.151678532 0.026557857 0.988073111 275.627716064 0.000790439 0.999635398 -0.026989972 -7.437098980 -0.988429606 0.004874811 0.151602238 100.934860229
0.150121137 0.027483659 0.988285542 278.034973145 0.000605613 0.999610782 -0.027890602 -7.517367363 -0.988667428 0.004785487 0.150046065 101.282562256
0.149042189 0.027593696 0.988445699 280.445312500 0.000930473 0.999606192 -0.028045556 -7.613290310 -0.988830447 0.005099692 0.148957789 101.624206543
0.147454515 0.029126743 0.988639891 282.821105957 0.001023611 0.999561250 -0.029601181 -7.711900711 -0.989068329 0.005376810 0.147360042 101.969711304
0.145855919 0.030120730 0.988847136 285.218658447 0.001857977 0.999526381 -0.030720074 -7.811249256 -0.989304066 0.006317961 0.145730883 102.316787720
0.142364368 0.028332636 0.989408731 287.582489014 0.002651067 0.999575675 -0.029005233 -7.918015480 -0.989810765 0.006752301 0.142228857 102.711975098
0.140573904 0.027135886 0.989698231 289.922393799 0.002942912 0.999608397 -0.027825611 -8.015723228 -0.990065813 0.006824149 0.140439004 103.057952881
0.138341576 0.027680876 0.989997625 292.260742188 0.001948194 0.999599814 -0.028221590 -8.096659660 -0.990382671 0.005832927 0.138232261 103.379707336
0.135923386 0.028959945 0.990296125 294.607879639 0.001515044 0.999565482 -0.029438965 -8.195330620 -0.990718186 0.005501786 0.135820404 103.724868774
0.132242605 0.030063510 0.990761280 296.958190918 0.001544702 0.999532461 -0.030535841 -8.292397499 -0.991216183 0.005568570 0.132134333 104.060974121
0.129931897 0.029957794 0.991070211 299.333343506 0.001944409 0.999533832 -0.030468544 -8.390596390 -0.991520941 0.005885882 0.129813120 104.379364014
0.128197536 0.028923504 0.991326928 301.744689941 0.001772292 0.999566317 -0.029393099 -8.498619080 -0.991747081 0.005525043 0.128090695 104.699752808
0.126028955 0.028093658 0.991628706 304.124084473 0.001339720 0.999593258 -0.028489569 -8.597571373 -0.992025673 0.004919016 0.125940040 105.019416809
0.124102235 0.028996324 0.991845608 306.353698730 0.001713133 0.999565125 -0.029436357 -8.685826302 -0.992268085 0.005352281 0.123998597 105.353569031
0.122217551 0.030806644 0.992025077 308.726745605 0.001394040 0.999511898 -0.031210888 -8.777036667 -0.992502391 0.005197442 0.122114964 105.636047363
0.121602312 0.031096600 0.992091656 311.005737305 0.001283298 0.999503374 -0.031486217 -8.875216484 -0.992578089 0.005101945 0.121502027 105.923675537
0.120481946 0.031759970 0.992207289 313.379791260 0.001137463 0.999483049 -0.032130975 -8.970216751 -0.992714942 0.004999801 0.120383516 106.196853638
0.119601168 0.031042149 0.992336571 315.682312012 0.001387392 0.999504864 -0.031433605 -9.077630043 -0.992820978 0.005136256 0.119498886 106.475944519
0.119022049 0.030370416 0.992426991 318.082427979 0.002222186 0.999521434 -0.030854026 -9.172382355 -0.992889166 0.005877667 0.118897617 106.736328125
0.119466558 0.030170843 0.992379725 320.463897705 0.002264176 0.999527276 -0.030660715 -9.269302368 -0.992835641 0.005909852 0.119341783 106.982650757
0.118159421 0.029511046 0.992555976 322.787475586 0.002014046 0.999549091 -0.029958732 -9.351733208 -0.992992520 0.005538960 0.118046716 107.262054443
0.117572114 0.028305173 0.992660880 325.104980469 0.003247870 0.999577403 -0.028887071 -9.468453407 -0.993059039 0.006620348 0.117430493 107.513885498
0.116194226 0.029290499 0.992794573 327.399108887 0.003266112 0.999548376 -0.029872017 -9.565469742 -0.993221045 0.006713533 0.116046086 107.794471741
0.115726955 0.030575519 0.992810309 329.658538818 0.003660113 0.999506116 -0.031208372 -9.658193588 -0.993274331 0.007245447 0.115557902 108.090286255
0.115131952 0.031166168 0.992861092 331.963653564 0.004882966 0.999477804 -0.031940091 -9.759491920 -0.993338287 0.008525433 0.114919655 108.365875244
0.116764657 0.031334303 0.992665291 334.261383057 0.005912862 0.999462545 -0.032244392 -9.858340263 -0.993142009 0.009634498 0.116516642 108.602767944
0.117023125 0.032216173 0.992606521 336.576110840 0.005905197 0.999433517 -0.033133939 -9.962655067 -0.993111670 0.009738974 0.116766587 108.875930786
0.116022773 0.033136051 0.992693663 338.826110840 0.003741229 0.999421656 -0.033797894 -10.060514450 -0.993239462 0.007635220 0.115831710 109.187088013
0.115444876 0.033499639 0.992748857 341.115081787 0.003120287 0.999413967 -0.034087408 -10.171630859 -0.993309021 0.007032877 0.115272686 109.458969116
0.115415551 0.032894142 0.992772460 343.296447754 0.002242294 0.999440372 -0.033375748 -10.278854370 -0.993314743 0.006078169 0.115277193 109.747650146
0.115040690 0.031922057 0.992847741 345.621582031 0.001942599 0.999474466 -0.032360204 -10.381616592 -0.993358850 0.005651446 0.114918210 110.002548218
0.114352651 0.031779598 0.992931724 347.818878174 0.002674425 0.999474704 -0.032297008 -10.482819557 -0.993436754 0.006348771 0.114207573 110.286369324
0.113468513 0.031429969 0.993044317 350.048614502 0.003813476 0.999478400 -0.032069340 -10.593881607 -0.993534327 0.007425812 0.113289475 110.573623657
0.113727383 0.032078978 0.992993891 352.373199463 0.003846179 0.999456882 -0.032728262 -10.675408363 -0.993504643 0.007541333 0.113542229 110.820030212
0.113436915 0.032074396 0.993027389 354.696350098 0.004332141 0.999453247 -0.032776836 -10.782032967 -0.993535757 0.008020038 0.113235958 111.068107605
0.112428010 0.032100491 0.993141234 356.950469971 0.004146786 0.999454200 -0.032773968 -10.884917259 -0.993651211 0.007803056 0.112233542 111.327239990
0.111705035 0.032172516 0.993220448 359.225463867 0.004037736 0.999452770 -0.032828510 -10.984592438 -0.993733227 0.007677472 0.111514010 111.568557739
0.110116482 0.032707818 0.993380368 361.443084717 0.004203719 0.999434114 -0.033373125 -11.076779366 -0.993909776 0.007850821 0.109916665 111.803817749
0.108636372 0.032681894 0.993544102 363.736480713 0.003927522 0.999437511 -0.033305198 -11.176260948 -0.994073749 0.007520320 0.108446896 112.043930054
0.107152939 0.032974988 0.993695557 365.965057373 0.003390636 0.999431849 -0.033530969 -11.276987076 -0.994236767 0.006962200 0.106980264 112.304809570
0.105901361 0.033791866 0.993802249 368.202117920 0.003449902 0.999403894 -0.034349963 -11.383056641 -0.994370639 0.007066227 0.105721660 112.549140930
0.104305528 0.034642994 0.993941784 370.425842285 0.003937427 0.999370933 -0.035245430 -11.483258247 -0.994537473 0.007589866 0.104103513 112.764160156
0.102619112 0.034485839 0.994122803 372.690765381 0.005100138 0.999367535 -0.035194241 -11.587965012 -0.994707644 0.008681764 0.102378324 113.009124756
0.101088643 0.033385992 0.994317055 374.959655762 0.006331505 0.999394953 -0.034200184 -11.687527657 -0.994857252 0.009752776 0.100816093 113.252357483
0.099750705 0.033661585 0.994442821 377.211395264 0.006795384 0.999381304 -0.034510374 -11.790161133 -0.994989216 0.010200056 0.099460244 113.472869873
0.097297654 0.034175243 0.994668365 379.403839111 0.006292407 0.999369144 -0.034952272 -11.891762733 -0.995235562 0.009659633 0.097021207 113.734695435
0.094942041 0.035193194 0.994860470 381.627380371 0.005187542 0.999343812 -0.035846852 -11.994857788 -0.995469332 0.008564252 0.094697177 113.978515625
0.093360044 0.035542592 0.994997680 383.757537842 0.005113980 0.999332309 -0.036177259 -12.100564957 -0.995619416 0.008465909 0.093115918 114.213745117
0.091643624 0.035920665 0.995143712 385.961517334 0.005265234 0.999317706 -0.036556203 -12.201479912 -0.995777965 0.008589807 0.091391981 114.433959961
0.089594468 0.035844874 0.995333195 388.125579834 0.005002211 0.999323368 -0.036438856 -12.319814682 -0.995965719 0.008243586 0.089354560 114.701805115
0.088311404 0.036560021 0.995421767 390.354553223 0.004551054 0.999300957 -0.037106253 -12.427900314 -0.996082485 0.007807121 0.088083297 114.900894165
0.087097995 0.036977138 0.995513260 392.584381104 0.004852582 0.999283195 -0.037541725 -12.544279099 -0.996187925 0.008100618 0.086856157 115.081047058
0.085746944 0.036958359 0.995631218 394.829498291 0.004487956 0.999287307 -0.037480596 -12.651565552 -0.996306777 0.007682196 0.085519992 115.269805908
0.084512472 0.037320793 0.995723248 397.088317871 0.003928518 0.999278069 -0.037787460 -12.755208015 -0.996414602 0.007105229 0.084304847 115.442703247
0.082620911 0.037894823 0.995860219 399.281890869 0.003444430 0.999259889 -0.038309950 -12.862282753 -0.996574998 0.006595375 0.082429238 115.659500122
0.081092104 0.038024608 0.995981038 401.485504150 0.003983941 0.999251604 -0.038473841 -12.978718758 -0.996698797 0.007087855 0.080879912 115.829605103
0.080046177 0.037633959 0.996080458 403.702026367 0.003965594 0.999267042 -0.038073037 -13.084930420 -0.996783376 0.006997651 0.079838261 116.002822876
0.077954330 0.037827402 0.996239007 405.896453857 0.003108999 0.999265790 -0.038185600 -13.188491821 -0.996952057 0.006074039 0.077779494 116.190940857
0.076120816 0.038250647 0.996364594 408.071197510 0.002678612 0.999252439 -0.038566142 -13.305333138 -0.997094929 0.005604560 0.075961463 116.382583618
0.074620716 0.039002307 0.996448994 410.280029297 0.002510728 0.999224305 -0.039298963 -13.408492088 -0.997208834 0.005434330 0.074464925 116.525459290
0.073092900 0.037769876 0.996609628 412.500427246 0.003052467 0.999269605 -0.038094543 -13.525721550 -0.997320473 0.005826558 0.072924197 116.684616089
0.072398871 0.038237263 0.996642530 414.701812744 0.003014391 0.999251842 -0.038556341 -13.620780945 -0.997371197 0.005795706 0.072229445 116.812614441
0.071129717 0.039030086 0.996703207 416.880798340 0.002438383 0.999224424 -0.039302826 -13.733154297 -0.997464061 0.005225943 0.070979387 116.985992432
0.068568982 0.041008517 0.996803105 419.011901855 0.002719935 0.999143362 -0.041291889 -13.836513519 -0.997642696 0.005542583 0.068398699 117.185180664
0.066608757 0.041450661 0.996917725 421.205871582 0.002990001 0.999123991 -0.041742161 -13.946153641 -0.997774661 0.005761178 0.066426456 117.341133118
0.065551683 0.040281586 0.997035801 423.477294922 0.003093613 0.999171853 -0.040571280 -14.054827690 -0.997844338 0.005743958 0.065372773 117.428840637
0.063590609 0.040025279 0.997173131 425.684814453 0.002857528 0.999184012 -0.040288225 -14.162177086 -0.997972012 0.005411402 0.063424349 117.567718506
0.062397249 0.040159639 0.997243106 427.875946045 0.002223158 0.999182045 -0.040376816 -14.283397675 -0.998049021 0.004736431 0.062256929 117.676902771
0.060800605 0.041509006 0.997286499 430.069915771 0.000784432 0.999132633 -0.041633677 -14.387792587 -0.998149633 0.003313656 0.060715310 117.809463501
0.058891993 0.041444737 0.997403681 432.265838623 0.000713087 0.999135792 -0.041558817 -14.515686035 -0.998264134 0.003158717 0.058811553 117.931510925
0.056179266 0.041705489 0.997549236 434.438110352 0.000322878 0.999126375 -0.041789610 -14.623775482 -0.998420715 0.002669796 0.056116723 118.070434570
0.054433301 0.041173890 0.997668147 436.620880127 0.000858272 0.999147117 -0.041281756 -14.744569778 -0.998517036 0.003103373 0.054351538 118.188011169
0.052753385 0.040408939 0.997789681 438.768951416 0.000897696 0.999178588 -0.040512655 -14.856177330 -0.998607159 0.003032891 0.052673783 118.317947388
0.050382078 0.040804897 0.997896075 440.937866211 -0.000089432 0.999165177 -0.040852275 -14.969235420 -0.998730123 0.001968978 0.050343663 118.448303223
0.048686393 0.041835580 0.997937560 443.114746094 0.000041084 0.999122262 -0.041887254 -15.085991859 -0.998814106 0.002080339 0.048641942 118.554000854
0.046866320 0.043462683 0.997955203 445.249145508 0.000491890 0.999051809 -0.043533541 -15.203810692 -0.998901069 0.002531142 0.046800505 118.667182922
0.045168146 0.043725789 0.998022020 447.392761230 0.001455197 0.999037683 -0.043836147 -15.319772720 -0.998978317 0.003432316 0.045061056 118.771858215
0.043553580 0.042548873 0.998144627 449.563873291 0.002306538 0.999085724 -0.042689644 -15.437434196 -0.999048412 0.004161545 0.043415621 118.873863220
0.042083062 0.041688643 0.998243988 451.685791016 0.002836609 0.999120176 -0.041844826 -15.545581818 -0.999110043 0.004592587 0.041927788 118.989601135
0.040386200 0.041063115 0.998340011 453.815216064 0.003174671 0.999144793 -0.041224651 -15.662819862 -0.999179125 0.004834307 0.040221307 119.119232178
0.039347176 0.041257042 0.998373449 455.950622559 0.003275556 0.999136448 -0.041417670 -15.770488739 -0.999220252 0.004899896 0.039178062 119.215400696
0.038447164 0.041916948 0.998381078 458.117553711 0.004057691 0.999105036 -0.042103600 -15.885767937 -0.999252379 0.005669884 0.038242668 119.281143188
0.037874006 0.042057611 0.998397112 460.269866943 0.003976022 0.999099672 -0.042238034 -15.993827820 -0.999274492 0.005569372 0.037672684 119.358703613
0.036414400 0.042458408 0.998434424 462.434753418 0.003668056 0.999084771 -0.042619836 -16.099609375 -0.999330044 0.005214289 0.036225334 119.428924561
0.035147365 0.042600069 0.998473823 464.582489014 0.003247112 0.999080956 -0.042740278 -16.213827133 -0.999376893 0.004744365 0.034976732 119.510452271
0.033466447 0.043023195 0.998513401 466.737213135 0.003194234 0.999063313 -0.043153942 -16.319736481 -0.999434710 0.004633695 0.033297677 119.578117371
0.032280561 0.043096639 0.998549283 468.867675781 0.003544027 0.999058783 -0.043233197 -16.425052643 -0.999472558 0.004934478 0.032097440 119.655639648
0.031215828 0.042541131 0.998606920 471.014892578 0.002865911 0.999085903 -0.042651132 -16.543241501 -0.999508560 0.004193309 0.031065380 119.722213745
0.029743301 0.042759653 0.998642564 473.137237549 0.002035077 0.999079883 -0.042838994 -16.654304504 -0.999555588 0.003306487 0.029628916 119.802841187
0.027776929 0.043660622 0.998660147 475.262878418 0.001399043 0.999042988 -0.043716270 -16.773824692 -0.999613166 0.002611472 0.027689261 119.888801575
0.026231648 0.045087062 0.998638630 477.400817871 -0.000037199 0.998982370 -0.045101613 -16.887916565 -0.999655843 0.001145942 0.026206635 119.955635071
0.026622090 0.044690587 0.998646080 479.631500244 0.000211498 0.998999894 -0.044712067 -17.014320374 -0.999645531 0.001401540 0.026586013 119.958709717
0.025083985 0.044035789 0.998714924 481.763977051 0.001369819 0.999026954 -0.044083945 -17.134635925 -0.999684393 0.002473860 0.024999253 120.028488159
0.024439871 0.043188423 0.998767972 483.888641357 0.001398763 0.999063909 -0.043235451 -17.248767853 -0.999700308 0.002453709 0.024356583 120.100120544
0.022674438 0.043919642 0.998777747 486.036865234 0.001595804 0.999031663 -0.043967038 -17.351310730 -0.999741554 0.002590782 0.022582395 120.161071777
0.022300312 0.042977303 0.998827159 488.144378662 0.002290374 0.999070704 -0.043038920 -17.466188431 -0.999748647 0.003247469 0.022181159 120.215126038
0.020718936 0.042458557 0.998883367 490.292755127 0.002321222 0.999093115 -0.042515606 -17.579765320 -0.999782622 0.003199509 0.020601597 120.259384155
0.019949248 0.042737618 0.998887241 492.358032227 0.001678124 0.999083102 -0.042779520 -17.679258347 -0.999799609 0.002529676 0.019859236 120.303344727
0.018810147 0.043040849 0.998896241 494.497558594 0.002194097 0.999068797 -0.043089598 -17.794532776 -0.999820769 0.003002197 0.018698193 120.341598511
0.016676513 0.043290950 0.998923242 496.601959229 0.002670198 0.999056756 -0.043341316 -17.914163589 -0.999857366 0.003390105 0.016545190 120.398941040
0.014782950 0.042577837 0.998983681 498.708221436 0.002412581 0.999088526 -0.042618003 -18.026987076 -0.999887764 0.003040150 0.014666753 120.451515198
0.013962467 0.042290766 0.999007702 500.815155029 0.001638393 0.999102831 -0.042317692 -18.126199722 -0.999901175 0.002227626 0.013880652 120.466529846
0.011615326 0.041891936 0.999054611 502.924163818 0.001295450 0.999120533 -0.041909769 -18.237360001 -0.999931753 0.001781021 0.011550842 120.515159607
0.009389924 0.041542348 0.999092638 504.951354980 0.000541087 0.999136269 -0.041549250 -18.341259003 -0.999955773 0.000930741 0.009359336 120.583702087
0.007844325 0.042277019 0.999075115 507.061309814 0.000829041 0.999105215 -0.042284805 -18.449855804 -0.999968946 0.001159970 0.007802256 120.608383179
0.005829793 0.042375565 0.999084771 509.159240723 -0.000046839 0.999101698 -0.042376008 -18.564153671 -0.999983013 0.000200247 0.005826541 120.651161194
0.003763934 0.041716374 0.999122381 511.306976318 0.000131218 0.999129474 -0.041717168 -18.672567368 -0.999993026 0.000288123 0.003755183 120.655204773
0.002422613 0.041670699 0.999128461 513.407043457 0.000067145 0.999131382 -0.041670986 -18.776016235 -0.999997079 0.000168039 0.002417711 120.662391663
0.000372261 0.042900529 0.999079287 515.522216797 0.000197399 0.999079287 -0.042900607 -18.890398026 -0.999999940 0.000213187 0.000363450 120.677253723
-0.002395101 0.043654989 0.999043822 517.608459473 -0.000391408 0.999046504 -0.043656044 -19.002964020 -0.999997079 -0.000495594 -0.002375730 120.706230164
-0.004182516 0.044420004 0.999004185 519.747436523 0.000401283 0.999012828 -0.044418711 -19.114967346 -0.999991119 0.000215101 -0.004196212 120.700965881
-0.006274436 0.043435004 0.999036551 521.862182617 0.001170364 0.999055862 -0.043428484 -19.234340668 -0.999979615 0.000896748 -0.006319346 120.708786011
-0.008139856 0.043076016 0.999038637 523.985839844 0.001652473 0.999071062 -0.043063931 -19.344232559 -0.999965489 0.001300350 -0.008203476 120.692405701
