1.000000000 0.000000000 0.000000000 0.000000000 0.000000000 1.000000000 0.000000000 0.000000000 0.000000000 0.000000000 1.000000000 0.000000000
0.999540448 0.001541985 0.030274088 0.030124869 -0.001577162 0.999998093 0.001138101 -0.004461423 -0.030272271 -0.001185325 0.999541104 1.283330441
0.998146892 0.002341351 0.060804226 0.104436189 -0.002399838 0.999996722 0.000888879 -0.013648903 -0.060801942 -0.001033152 0.998149335 2.562492609
0.995786965 0.002894418 0.091650888 0.217223987 -0.002946273 0.999995530 0.000430496 -0.020747950 -0.091649227 -0.000698711 0.995791137 3.828880310
0.992392480 0.004163117 0.123043604 0.362874568 -0.004104570 0.999991298 -0.000729312 -0.032329135 -0.123045579 0.000218723 0.992401004 5.090152264
0.988074362 0.003428210 0.153939366 0.568099260 -0.003502051 0.999993861 0.000208519 -0.042962987 -0.153937697 -0.000745136 0.988080263 6.384755611
0.982662320 0.002916896 0.185381025 0.798454165 -0.003194746 0.999994099 0.001200109 -0.050626919 -0.185376465 -0.001771547 0.982665956 7.651215076
0.976142526 0.002511774 0.217116356 1.074225307 -0.002873645 0.999994934 0.001351008 -0.059393987 -0.217111871 -0.001942692 0.976144910 8.909735680
0.968443573 0.002452592 0.249220803 1.392372370 -0.002460162 0.999996960 -0.000281105 -0.068574160 -0.249220744 -0.000340890 0.968446672 10.161471367
0.959414184 0.002656696 0.281987995 1.745226026 -0.002670317 0.999996305 -0.000335993 -0.084872186 -0.281987846 -0.000430641 0.959417880 11.382382393
0.949155152 0.002404432 0.314799309 2.154358149 -0.003071594 0.999993980 0.001623261 -0.098181471 -0.314793468 -0.002507662 0.949156880 12.614661217
0.937365294 0.003114790 0.348333985 2.600773811 -0.004738756 0.999981463 0.003810172 -0.110804997 -0.348315746 -0.005222193 0.937362731 13.822241783
0.924242318 0.003794413 0.381787628 3.088502645 -0.005877069 0.999973536 0.004289095 -0.111664519 -0.381761283 -0.006207956 0.924240172 15.016814232
0.910045981 0.005046100 0.414476573 3.627380610 -0.007220239 0.999967158 0.003678894 -0.129535303 -0.414444417 -0.006340583 0.910052538 16.193208694
0.894586682 0.006029610 0.446853817 4.214735031 -0.007479287 0.999970853 0.001480206 -0.134608701 -0.446831852 -0.004666320 0.894605756 17.359161377
0.877930820 0.007574332 0.478727579 4.834406853 -0.009207704 0.999957025 0.001064737 -0.136604428 -0.478698909 -0.005342747 0.877962887 18.502874374
0.860081136 0.008790002 0.510081351 5.493041515 -0.010981402 0.999938905 0.001284954 -0.147262290 -0.510039032 -0.006706573 0.860125244 19.632427216
0.841480732 0.010069259 0.540193319 6.194646835 -0.012486042 0.999921858 0.000811365 -0.152472213 -0.540142894 -0.007427625 0.841540575 20.740533829
0.822307050 0.010924043 0.568939149 6.936809540 -0.012587234 0.999920189 -0.001006437 -0.158734053 -0.568904757 -0.006333769 0.822378993 21.831117630
0.803189218 0.011554729 0.595611870 7.715947151 -0.012093896 0.999922037 -0.003089498 -0.170767978 -0.595601082 -0.004721816 0.803266406 22.887920380
0.783599496 0.011702896 0.621155918 8.534765244 -0.011963170 0.999921441 -0.003747270 -0.187488317 -0.621150911 -0.004494636 0.783678055 23.937931061
0.764041364 0.010884509 0.645075440 9.394071579 -0.011306763 0.999930024 -0.003480079 -0.204712898 -0.645068228 -0.004634791 0.764110923 24.960617065
0.744603395 0.010251856 0.667428255 10.270790100 -0.010684969 0.999936938 -0.003438789 -0.210653871 -0.667421579 -0.004570916 0.744666100 25.956790924
0.726356864 0.007948305 0.687271833 11.210167885 -0.008288992 0.999961734 -0.002804185 -0.233095407 -0.687267780 -0.003659950 0.726394951 26.932441711
0.708625615 0.005892242 0.705560088 12.160415649 -0.003277883 0.999981821 -0.005058879 -0.248849034 -0.705577075 0.001272109 0.708632052 27.868040085
0.690526426 0.003404086 0.723299086 13.145364761 0.000703553 0.999985218 -0.005377937 -0.270514876 -0.723306715 0.004222487 0.690513909 28.785516739
0.672258854 0.000107909 0.740316093 14.138494492 0.002626634 0.999993324 -0.002530928 -0.284742981 -0.740311444 0.003645978 0.672254086 29.668582916
0.652770221 -0.001571453 0.757554352 15.193462372 0.003289730 0.999994278 -0.000760333 -0.309655935 -0.757548869 0.002988472 0.652771652 30.557723999
0.633257806 0.003155955 0.773934424 16.240734100 0.000893669 0.999987960 -0.004808986 -0.320118785 -0.773940265 0.003736970 0.633247495 31.402927399
0.614018321 0.008559851 0.789245367 17.290885925 0.000720932 0.999934673 -0.011405778 -0.338591784 -0.789291441 0.007572349 0.613972068 32.231254578
0.595413625 0.013976684 0.803297758 18.394470215 0.001210450 0.999831796 -0.018293412 -0.356758535 -0.803418398 0.011864498 0.595296621 33.048355103
0.577693045 0.016957557 0.816077948 19.508563995 0.000745848 0.999772727 -0.021302596 -0.383533090 -0.816253722 0.012915031 0.577549160 33.840507507
0.558772326 0.019695301 0.829087138 20.665718079 -0.001719606 0.999743342 -0.022590356 -0.410591155 -0.829319477 0.011197161 0.558662653 34.629440308
0.538989604 0.024478642 0.841956615 21.850051880 -0.007367063 0.999676406 -0.024347983 -0.440185815 -0.842280090 0.006920565 0.538995564 35.404155731
0.518768191 0.027061133 0.854486585 23.085140228 -0.011733655 0.999630153 -0.024534121 -0.471561670 -0.854834318 0.002701272 0.518893838 36.164463043
0.498503625 0.026940057 0.866468906 24.334789276 -0.015735481 0.999633491 -0.022027323 -0.509414434 -0.866744757 -0.002653604 0.498744875 36.917449951
0.478387147 0.027096458 0.877730787 25.642349243 -0.018359058 0.999614000 -0.020852927 -0.539412975 -0.877956986 -0.006138539 0.478700042 37.632118225
0.457568258 0.027173877 0.888759136 26.928249359 -0.021103943 0.999583244 -0.019697186 -0.570468485 -0.888923943 -0.009743520 0.457950979 38.338420868
0.439143300 0.028336676 0.897970021 28.289352417 -0.023114294 0.999527991 -0.020237664 -0.595772147 -0.898119569 -0.011868710 0.439590961 39.007755280
0.422098786 0.028167540 0.906112134 29.715984344 -0.023362907 0.999523222 -0.020188069 -0.632218182 -0.906248689 -0.012648055 0.422555596 39.677131653
0.406777591 0.028316580 0.913088322 31.142463684 -0.023592185 0.999511719 -0.020486498 -0.659995139 -0.913222551 -0.013208300 0.407247066 40.314552307
0.392308444 0.027890248 0.919410825 32.614540100 -0.023179773 0.999522567 -0.020429721 -0.699297249 -0.919541597 -0.013296984 0.392767638 40.967308044
0.379250139 0.026509339 0.924914420 34.103889465 -0.022162300 0.999562919 -0.019561486 -0.735514224 -0.925028741 -0.013079531 0.379671872 41.570503235
0.365486264 0.025615094 0.930464208 35.623908997 -0.021339269 0.999589145 -0.019135993 -0.763613224 -0.930572033 -0.012861486 0.365882695 42.187599182
0.352493644 0.024622049 0.935490251 37.145565033 -0.019727306 0.999627173 -0.018876860 -0.787893057 -0.935606301 -0.011800732 0.352847904 42.768074036
0.340401143 0.021694103 0.940029979 38.734878540 -0.018415447 0.999696016 -0.016402522 -0.820966780 -0.940099895 -0.011727639 0.340697140 43.324562073
0.329231411 0.020314271 0.944030762 40.326004028 -0.015793238 0.999747217 -0.016005311 -0.848756313 -0.944117129 -0.009639852 0.329468966 43.875404358
0.318671823 0.020695118 0.947639167 41.963634491 -0.013431300 0.999759853 -0.017316686 -0.879024088 -0.947769880 -0.007209686 0.318873286 44.428367615
0.311373979 0.019993480 0.950077057 43.610733032 -0.012240871 0.999780118 -0.017027665 -0.896355867 -0.950208545 -0.006327799 0.311550230 44.962608337
0.305374593 0.018794598 0.952046812 45.249465942 -0.009075875 0.999817252 -0.016826507 -0.930258512 -0.952188969 -0.003502271 0.305489331 45.486019135
0.300579846 0.019325949 0.953560770 46.930397034 -0.007391093 0.999811888 -0.017933516 -0.956762075 -0.953728020 -0.001657401 0.300666034 46.000389099
0.296724021 0.018830426 0.954777598 48.621112823 -0.005439792 0.999822676 -0.018028252 -0.987644672 -0.954947889 0.000155625 0.296773851 46.532871246
0.293575078 0.018808518 0.955750942 50.347023010 -0.003092338 0.999819934 -0.018725902 -1.017783642 -0.955931008 0.002541953 0.293580353 47.056655884
0.292217702 0.018870046 0.956165671 52.122337341 -0.002039428 0.999815464 -0.019108202 -1.057966828 -0.956349671 0.003633723 0.292202204 47.575271606
0.289771676 0.018338574 0.956920087 53.898078918 -0.000999712 0.999821663 -0.018858017 -1.090633035 -0.957095265 0.004507875 0.289738327 48.096534729
0.287525505 0.018789785 0.957588673 55.710567474 -0.000905372 0.999812424 -0.019346451 -1.125880718 -0.957772553 0.004695624 0.287488580 48.618095398
0.286339909 0.018911688 0.957941532 57.523540497 -0.001407049 0.999812365 -0.019317726 -1.154811382 -0.958127081 0.004183565 0.286312789 49.136940002
0.283119857 0.017694648 0.958921254 59.334377289 -0.002400321 0.999839664 -0.017741011 -1.194627047 -0.959081531 0.002721115 0.283116937 49.681045532
0.280363500 0.017833941 0.959728360 61.157234192 -0.001482006 0.999834239 -0.018146269 -1.222717166 -0.959892750 0.003665228 0.280343473 50.203815460
0.278038561 0.016334945 0.960431159 63.118629456 -0.001873565 0.999862671 -0.016463213 -1.262196064 -0.960568011 0.002777978 0.278030992 50.738334656
0.276720643 0.016140960 0.960814893 64.981483459 -0.001074147 0.999863446 -0.016487589 -1.300350547 -0.960949779 0.003530399 0.276700228 51.246898651
0.273800343 0.018501282 0.961608589 66.870971680 -0.002628659 0.999825597 -0.018488109 -1.331758738 -0.961782932 0.002534310 0.273801297 51.773208618
0.271846890 0.020288426 0.962126672 68.777824402 -0.003233275 0.999791384 -0.020169105 -1.364068747 -0.962334991 0.002372089 0.271855801 52.294395447
0.269177794 0.020771021 0.962866485 70.668655396 -0.003374655 0.999781609 -0.020623941 -1.409005284 -0.963084519 0.002302165 0.269189149 52.826469421
0.268111825 0.018999122 0.963200510 72.626617432 -0.002489061 0.999815822 -0.019028518 -1.449858904 -0.963384628 0.002704306 0.268109798 53.343345642
0.265963376 0.018190796 0.963811457 74.591567993 -0.001980314 0.999830067 -0.018324137 -1.483961105 -0.963981092 0.002964902 0.265954226 53.888134003
0.265372962 0.016982632 0.963996232 76.571075439 -0.000616484 0.999847651 -0.017444510 -1.524450898 -0.964145660 0.004035015 0.265343010 54.403263092
0.264474064 0.015610909 0.964266419 78.522842407 0.000472356 0.999866724 -0.016316811 -1.563319325 -0.964392781 0.004770851 0.264431477 54.932559967
0.263723671 0.015896767 0.964467406 80.520721436 0.001463258 0.999856472 -0.016880181 -1.602548361 -0.964597166 0.005862966 0.263662517 55.457435608
0.263498425 0.016453436 0.964519501 82.489601135 0.003083585 0.999835014 -0.017898282 -1.646256804 -0.964654922 0.007690347 0.263404191 55.996887207
0.262637526 0.017162319 0.964741886 84.508834839 0.002318155 0.999827683 -0.018417565 -1.675100207 -0.964891732 0.007073565 0.262552559 56.547622681
0.262946725 0.018072905 0.964640975 86.564491272 0.002063700 0.999811769 -0.019294372 -1.718485236 -0.964808106 0.007064121 0.262859911 57.080131531
0.262554049 0.018498272 0.964739919 88.611671448 0.000817820 0.999811709 -0.019393316 -1.756791353 -0.964916945 0.005880777 0.262489468 57.635295868
0.263190895 0.018001730 0.964575768 90.687812805 0.000059190 0.999825656 -0.018675739 -1.797409415 -0.964743853 0.004972378 0.263143837 58.182838440
0.263446391 0.017877694 0.964508355 92.779663086 0.001112222 0.999821961 -0.018836048 -1.848938227 -0.964673519 0.006035035 0.263379633 58.746070862
0.264664143 0.017163733 0.964187801 94.858093262 0.002723022 0.999824345 -0.018545557 -1.896437287 -0.964336812 0.007533849 0.264570892 59.299903870
0.266820610 0.018590448 0.963566899 96.957199097 0.001759490 0.999803007 -0.019776780 -1.941123962 -0.963744521 0.006972240 0.266735405 59.861236572
0.268189132 0.020129904 0.963155866 99.046234131 0.002866533 0.999760568 -0.021693118 -1.986373305 -0.963362038 0.008578777 0.268067181 60.436130524
0.269816518 0.020471593 0.962694049 101.165863037 0.004669455 0.999734402 -0.022567969 -2.039982319 -0.962900460 0.010584466 0.269649237 61.014144897
0.270991027 0.018935714 0.962395608 103.281265259 0.005428486 0.999760449 -0.021199444 -2.092305422 -0.962566555 0.010969210 0.270823330 61.603252411
0.272776276 0.017615313 0.961916208 105.422416687 0.006129609 0.999780178 -0.020046920 -2.134854555 -0.962057889 0.011364494 0.272608399 62.174751282
0.274619728 0.017848283 0.961387217 107.569252014 0.005833376 0.999778330 -0.020227326 -2.185584545 -0.961535156 0.011162956 0.274454802 62.752685547
0.275880426 0.017896455 0.961025357 109.740310669 0.006458878 0.999769688 -0.020472096 -2.232572794 -0.961170256 0.011854998 0.275701255 63.354309082
0.277727664 0.018273629 0.960485876 111.904235840 0.006189931 0.999764264 -0.020810753 -2.281315088 -0.960639834 0.011725063 0.277549088 63.957374573
0.278797060 0.019164445 0.960158825 114.045547485 0.004639824 0.999762297 -0.021302162 -2.335130692 -0.960338831 0.010393948 0.278641880 64.576248169
0.279456049 0.020153606 0.959946930 116.222068787 0.002996609 0.999756515 -0.021861751 -2.390921593 -0.960153818 0.008985982 0.279327631 65.205444336
0.280063063 0.024035418 0.959680617 118.340690613 -0.000679764 0.999691248 -0.024839116 -2.439224958 -0.959981382 0.006304162 0.279992908 65.841201782
0.280708045 0.022724707 0.959524095 120.561950684 -0.002586550 0.999733925 -0.022920314 -2.506132364 -0.959789813 0.003952060 0.280692101 66.469184875
0.280891150 0.020939618 0.959511161 122.809509277 -0.002570179 0.999774754 -0.021065895 -2.559824944 -0.959736168 0.003451110 0.280881733 67.102378845
0.280907720 0.022117311 0.959479928 125.024742126 -0.001890784 0.999745250 -0.022491915 -2.608045101 -0.959732890 0.004503982 0.280877978 67.742797852
0.281316817 0.025301127 0.959281266 127.230003357 -0.000120696 0.999653280 -0.026330547 -2.667257309 -0.959614933 0.007291446 0.281222314 68.357330322
0.282121271 0.025373969 0.959043145 129.461868286 -0.000277397 0.999652267 -0.026366789 -2.727641582 -0.959378719 0.007172594 0.282030135 69.000137329
0.281896800 0.022720648 0.959175646 131.706726074 0.001028384 0.999711871 -0.023983089 -2.795033693 -0.959444225 0.007747156 0.281792134 69.651237488
0.281938881 0.018464798 0.959254801 134.062698364 0.004447754 0.999778867 -0.020552116 -2.847882032 -0.959421992 0.010060970 0.281794459 70.309669495
0.281807542 0.017303320 0.959314942 136.305465698 0.006004969 0.999785960 -0.019797314 -2.898138046 -0.959452152 0.011339690 0.281643331 70.959960938
0.281110734 0.018568303 0.959495664 138.569198608 0.003930668 0.999782145 -0.020499527 -2.953311443 -0.959667325 0.009534098 0.280976504 71.617736816
0.280258477 0.021990489 0.959672630 140.904159546 0.000317558 0.999735415 -0.023001248 -2.998954058 -0.959924519 0.006751045 0.280177325 72.284767151
0.278926194 0.023218010 0.960031807 143.194259644 0.000472033 0.999704182 -0.024314618 -3.063365936 -0.960312426 0.007235148 0.278832674 72.944519043
0.277777493 0.024141224 0.960342050 145.495468140 0.001190083 0.999674737 -0.025474206 -3.128965378 -0.960644722 0.008219048 0.277658492 73.596778870
0.276339203 0.022976091 0.960785449 147.802642822 0.002175680 0.999696672 -0.024532372 -3.195521832 -0.961057723 0.008869618 0.276205420 74.248603821
0.274094075 0.022115171 0.961448491 150.068435669 0.001743800 0.999722481 -0.023492677 -3.271651983 -0.961701274 0.008115777 0.273979455 74.882438660
0.271054029 0.022197168 0.962308168 152.388702393 0.000490074 0.999730706 -0.023198422 -3.334569454 -0.962563992 0.006759627 0.270970166 75.549316406
0.267732918 0.023201624 0.963213801 154.702621460 0.000215165 0.999708533 -0.024140507 -3.403679848 -0.963493168 0.006670459 0.267649829 76.209060669
0.264583617 0.022033799 0.964110970 157.078369141 0.001145186 0.999731004 -0.023162140 -3.476029396 -0.964362025 0.007232409 0.264487237 76.857887268
0.261048168 0.022326300 0.965067506 159.462158203 0.000114541 0.999731779 -0.023159219 -3.544155121 -0.965325773 0.006156212 0.260975510 77.510162354
0.257834315 0.023529485 0.965902507 161.865524292 0.000149904 0.999702394 -0.024392869 -3.606104851 -0.966189086 0.006434111 0.257754087 78.139739990
0.254235238 0.023088109 0.966866791 164.230743408 0.000092078 0.999714375 -0.023896698 -3.665649652 -0.967142344 0.006164412 0.254160553 78.787857056
0.250649065 0.022804519 0.967809319 166.590103149 0.000156117 0.999721467 -0.023596898 -3.734812021 -0.968078017 0.006065631 0.250575691 79.436843872
0.247066766 0.022750504 0.968731284 169.011383057 0.000754311 0.999719441 -0.023670634 -3.800351381 -0.968998134 0.006578953 0.246980295 80.057449341
0.244953007 0.022533663 0.969273031 171.447555542 0.001228062 0.999721825 -0.023551896 -3.872832775 -0.969534159 0.006959435 0.244857207 80.645950317
0.242424101 0.022508733 0.969909251 173.852096558 0.001602234 0.999720216 -0.023601033 -3.944819689 -0.970168948 0.007275481 0.242320195 81.250015259
0.240097120 0.022258949 0.970493615 176.203109741 0.002422586 0.999720216 -0.023528621 -4.028244495 -0.970745862 0.008000258 0.239976034 81.838439941
0.239291206 0.020124761 0.970739305 178.614608765 0.004933448 0.999747097 -0.021942247 -4.117014408 -0.970935404 0.010039678 0.239131406 82.412445068
0.237302661 0.017459447 0.971278846 181.053527832 0.007787236 0.999772310 -0.019874210 -4.196788788 -0.971404552 0.012279782 0.237112626 83.002571106
0.235602662 0.016471533 0.971709847 183.473602295 0.009997218 0.999762475 -0.019370999 -4.261303902 -0.971798062 0.014278254 0.235382020 83.589294434
0.234465018 0.015355508 0.972003222 185.871032715 0.010022476 0.999783874 -0.018211985 -4.330852985 -0.972072840 0.014011956 0.234260455 84.179443359
0.232943878 0.016023459 0.972358108 188.301422119 0.009363546 0.999780953 -0.018718544 -4.405187607 -0.972445190 0.013465091 0.232742801 84.743713379
0.231244102 0.018395543 0.972721756 190.697540283 0.007743012 0.999754786 -0.020747513 -4.470777988 -0.972865045 0.012329538 0.231044948 85.307800293
0.229716331 0.020367220 0.973044455 193.133865356 0.007594474 0.999713123 -0.022718336 -4.548190594 -0.973227978 0.012608535 0.229495779 85.874511719
0.228231683 0.022519225 0.973346531 195.546264648 0.003995753 0.999702334 -0.024065930 -4.630262852 -0.973598659 0.009381858 0.228073806 86.437835693
0.226312026 0.021473225 0.973818183 197.965072632 0.000066451 0.999756634 -0.022060625 -4.715377331 -0.974054813 0.005057296 0.226255566 86.997085571
0.222751707 0.017769992 0.974713266 200.369888306 -0.002162640 0.999840319 -0.017733863 -4.772521019 -0.974872828 0.001842294 0.222754583 87.555175781
0.220798463 0.015650131 0.975193918 202.748046875 0.000701466 0.999868393 -0.016204938 -4.841328621 -0.975319326 0.004262091 0.220758438 88.092300415
0.217672780 0.016713919 0.975878656 205.099975586 0.001535864 0.999846399 -0.017466987 -4.904469967 -0.976020575 0.005300906 0.217613637 88.619476318
0.215225309 0.020650700 0.976346016 207.504501343 0.001487065 0.999768317 -0.021473913 -4.979258537 -0.976563215 0.006073621 0.215144724 89.139785767
0.210932791 0.024467785 0.977194190 209.929031372 0.000705276 0.999682605 -0.025183095 -5.066369057 -0.977500319 0.006001133 0.210848555 89.684494019
0.208637014 0.025406783 0.977663040 212.334381104 0.001126302 0.999655604 -0.026218666 -5.163156509 -0.977992594 0.006571326 0.208536536 90.187271118
0.205224171 0.025596391 0.978380203 214.658950806 -0.000016047 0.999658048 -0.026149692 -5.238432884 -0.978714943 0.005350851 0.205154419 90.699134827
0.202920005 0.028716538 0.978774190 217.050827026 0.002089835 0.999554992 -0.029759495 -5.334712029 -0.979193151 0.008084274 0.202769682 91.194152832
0.201361969 0.031545736 0.979008794 219.476547241 0.001331527 0.999471545 -0.032478955 -5.431576729 -0.979515970 0.007843603 0.201213554 91.667770386
0.198954999 0.030955981 0.979519606 221.877609253 -0.000790035 0.999505699 -0.031427138 -5.528995514 -0.980008364 0.005478730 0.198881105 92.163688660
0.196755081 0.030302430 0.979984283 224.266387939 -0.002513062 0.999534607 -0.030402394 -5.616143703 -0.980449378 0.003519063 0.196739674 92.650009155
0.195131332 0.025798291 0.980437815 226.739791870 -0.003301679 0.999665678 -0.025647119 -5.706876278 -0.980771601 0.001767466 0.195151255 93.140701294
0.193486080 0.024129502 0.980806351 229.187286377 -0.003364919 0.999707937 -0.023930715 -5.784060478 -0.981097162 0.001329927 0.193510816 93.634933472
0.191464871 0.023048537 0.981228769 231.622711182 -0.002045878 0.999731421 -0.023083946 -5.862406254 -0.981497288 0.002412291 0.191460609 94.123748779
0.190007478 0.022233471 0.981530845 233.995635986 -0.001367656 0.999748588 -0.022381386 -5.934666634 -0.981781721 0.002910234 0.189990103 94.609008789
0.188739270 0.022513356 0.981769025 236.443649292 -0.000139173 0.999737799 -0.022898652 -6.014291286 -0.982027233 0.004185239 0.188692898 95.061523438
0.187529266 0.022603167 0.981998920 238.867172241 0.001932380 0.999724805 -0.023380190 -6.110235214 -0.982257128 0.006282065 0.187433973 95.514434814
0.185733140 0.024092300 0.982304871 241.316390991 0.002511251 0.999684453 -0.024993384 -6.190088272 -0.982597053 0.007108914 0.185614049 95.969284058
0.184239119 0.023684783 0.982596159 243.784423828 0.004960985 0.999674439 -0.025026644 -6.277446747 -0.982868910 0.009485533 0.184061632 96.396545410
0.182098120 0.026082609 0.982934356 246.183120728 0.004222261 0.999618113 -0.027307536 -6.367806435 -0.983271241 0.009122858 0.181918457 96.845718384
0.178268701 0.026733283 0.983618617 248.567779541 -0.001744952 0.999637902 -0.026852412 -6.446846485 -0.983980238 0.003070577 0.178250805 97.305519104
0.175632954 0.025565781 0.984123707 250.927642822 -0.005102073 0.999672949 -0.025059173 -6.527750015 -0.984442472 -0.000619854 0.175705969 97.749198914
0.174279898 0.024082333 0.984401643 253.421539307 -0.004848644 0.999709785 -0.023598420 -6.624026299 -0.984684229 -0.000660283 0.174346045 98.136657715
0.173085570 0.027574956 0.984520614 255.823287964 -0.002953712 0.999618053 -0.027478525 -6.705858231 -0.984902382 0.001848147 0.173100889 98.555007935
0.171218678 0.030233217 0.984768987 258.199920654 -0.000240361 0.999530315 -0.030644611 -6.793995857 -0.985233009 0.005010229 0.171145514 98.997184753
0.170279622 0.029364463 0.984958172 260.637420654 0.002221027 0.999542058 -0.030183209 -6.890051842 -0.985393286 0.007327205 0.170136392 99.402740479
0.169439167 0.026794508 0.985176325 263.043487549 0.004650095 0.999597490 -0.027986489 -6.997712612 -0.985529661 0.009323171 0.169246405 99.799316406
0.167866930 0.025347333 0.985483766 265.442840576 0.004958464 0.999635041 -0.026555933 -7.078411102 -0.985797107 0.009344351 0.167679995 100.210121155
0.165754393 0.026165577 0.985819817 267.834686279 0.004296031 0.999619246 -0.027254168 -7.161584377 -0.986157715 0.008752608 0.165578827 100.629257202
0.163755745 0.025811242 0.986163199 270.207580566 0.003586737 0.999635458 -0.026759446 -7.256994724 -0.986494422 0.007919121 0.163603470 101.044113159
0.161244318 0.025830744 0.986576438 272.543945312 0.002488296 0.999643624 -0.026579553 -7.329758644 -0.986911416 0.006740697 0.161122546 101.443771362
0.158626512 0.026614856 0.986979902 274.911895752 0.002184919 0.999624729 -0.027306994 -7.415225506 -0.987336218 0.006488084 0.158508837 101.870117188
0.157561481 0.026576640 0.987151504 277.349060059 0.002687477 0.999622464 -0.027341345 -7.508423328 -0.987505555 0.006960889 0.157430544 102.242630005
0.155959547 0.027027177 0.987393618 279.741210938 0.003470893 0.999604344 -0.027909642 -7.600234985 -0.987757325 0.007779913 0.155804083 102.603515625
0.154172957 0.028350430 0.987637043 282.109924316 0.003849615 0.999563456 -0.029293716 -7.699028969 -0.988036394 0.008318319 0.153996542 102.977279663
0.152975470 0.029048778 0.987802863 284.504119873 0.004490123 0.999537110 -0.030089209 -7.802627087 -0.988219798 0.009038270 0.152774259 103.330047607
0.151219591 0.027207408 0.988125682 286.888183594 0.004696986 0.999590099 -0.028241888 -7.904714108 -0.988489032 0.008911941 0.151029810 103.698051453
0.150419101 0.026429508 0.988268971 289.248504639 0.005041847 0.999609232 -0.027500171 -7.994562626 -0.988609612 0.009119249 0.150227025 104.038101196
0.148319811 0.026394807 0.988587081 291.591156006 0.004314630 0.999616921 -0.027336631 -8.088687897 -0.988930047 0.008319953 0.148149103 104.406311035
0.146534413 0.028135991 0.988805354 293.946044922 0.004604549 0.999565125 -0.029124523 -8.183219910 -0.989194870 0.008820746 0.146341145 104.759613037
0.145805404 0.028999517 0.988888144 296.329803467 0.005377722 0.999532282 -0.030104576 -8.278831482 -0.989298582 0.009707372 0.145581305 105.078811646
0.144641355 0.028566711 0.989071608 298.706298828 0.005373033 0.999545693 -0.029654980 -8.376150131 -0.989469588 0.009603650 0.144422144 105.415771484
0.142644078 0.028293705 0.989369571 301.064605713 0.004793616 0.999559879 -0.029276257 -8.469046593 -0.989762366 0.008918745 0.142445683 105.766761780
0.141512141 0.027375340 0.989557862 303.462921143 0.005065532 0.999584436 -0.028377108 -8.569740295 -0.989923477 0.009028346 0.141314626 106.098724365
0.139878228 0.028193815 0.989767253 305.848327637 0.006425813 0.999547660 -0.029380538 -8.668992043 -0.990147889 0.010469757 0.139633790 106.433105469
0.139470845 0.029132413 0.989797533 308.211517334 0.006894702 0.999514341 -0.030389931 -8.771741867 -0.990202188 0.011062868 0.139202252 106.751091003
0.138111562 0.029783374 0.989968777 310.583282471 0.006567486 0.999498248 -0.030986311 -8.869947433 -0.990394890 0.010781174 0.137846664 107.069931030
0.137947798 0.030477392 0.989970386 312.944427490 0.005236519 0.999490023 -0.031500150 -8.959969521 -0.990425646 0.009529375 0.137717873 107.378623962
0.135132208 0.030573836 0.990355611 315.320831299 0.005096309 0.999489069 -0.031551179 -9.047554016 -0.990814447 0.009310739 0.134907380 107.719482422
0.134278923 0.029603450 0.990501285 317.663024902 0.006385150 0.999507070 -0.030738223 -9.151797295 -0.990922928 0.010451996 0.134023726 108.030609131
0.132557571 0.029284148 0.990742624 320.014434814 0.006927114 0.999511600 -0.030470161 -9.254568100 -0.991151094 0.010902040 0.132289976 108.345031738
0.131086811 0.028207010 0.990969539 322.348724365 0.006904808 0.999544919 -0.029364478 -9.346077919 -0.991346776 0.010691751 0.130832404 108.652618408
0.129718900 0.027965415 0.991156280 324.684051514 0.006591676 0.999555707 -0.029065099 -9.438030243 -0.991528809 0.010303674 0.129476935 108.960647583
0.128597602 0.028367022 0.991290927 326.940277100 0.008393108 0.999523878 -0.029691424 -9.551722527 -0.991661489 0.012138258 0.128298283 109.272171021
0.127675533 0.029041715 0.991390705 329.217163086 0.009491242 0.999489605 -0.030501287 -9.662365913 -0.991770566 0.013303797 0.127334774 109.591453552
0.127076626 0.029394209 0.991457283 331.517364502 0.010037499 0.999471486 -0.030918334 -9.760919571 -0.991842091 0.013880746 0.126714423 109.897270203
0.127005637 0.029635973 0.991459191 333.734588623 0.011128973 0.999448061 -0.031300392 -9.860713959 -0.991839588 0.015009250 0.126605749 110.226760864
0.126588851 0.030384419 0.991489768 336.034881592 0.010865342 0.999428332 -0.032014932 -9.965886116 -0.991895735 0.014825610 0.126186341 110.534034729
0.126843706 0.031420745 0.991424918 338.391235352 0.009032194 0.999420166 -0.032829721 -10.062646866 -0.991881609 0.013118984 0.126486331 110.813430786
0.125981867 0.031876169 0.991520286 340.664947510 0.008249875 0.999415398 -0.033178203 -10.171115875 -0.991998255 0.012359771 0.125645250 111.120483398
0.124851793 0.031048259 0.991689444 342.982055664 0.008103529 0.999444962 -0.032311283 -10.281970978 -0.992142260 0.012070308 0.124530897 111.418685913
0.124047436 0.030237980 0.991815448 345.289398193 0.007655860 0.999476612 -0.031429075 -10.379557610 -0.992246747 0.011491898 0.123751022 111.713409424
0.124004893 0.030303480 0.991818786 347.554687500 0.008199000 0.999468148 -0.031562302 -10.473658562 -0.992247760 0.012045802 0.123690486 111.986434937
0.121604480 0.030474976 0.992110610 349.755065918 0.009146117 0.999451637 -0.031821523 -10.563636780 -0.992536426 0.012943600 0.121259078 112.338241577
0.121021405 0.030409934 0.992184103 352.023803711 0.009235144 0.999452889 -0.031759176 -10.665890694 -0.992606938 0.013006503 0.120674349 112.623039246
0.119869813 0.030418199 0.992323518 354.343902588 0.009260512 0.999452889 -0.031755380 -10.766847610 -0.992746413 0.012995935 0.119522542 112.901397705
0.118897922 0.030635851 0.992433727 356.636901855 0.008723495 0.999453008 -0.031897649 -10.866104126 -0.992868185 0.012450055 0.118565641 113.173179626
0.117463715 0.031157548 0.992588282 358.939239502 0.009308892 0.999429226 -0.032473903 -10.961460114 -0.993033528 0.013054403 0.117106609 113.437896729
0.115836099 0.031266846 0.992776096 361.218139648 0.008982560 0.999430537 -0.032524504 -11.062600136 -0.993227720 0.012685181 0.115489282 113.699569702
0.114212722 0.031536758 0.992955685 363.517761230 0.008742011 0.999425352 -0.032747779 -11.160974503 -0.993417859 0.012420640 0.113871396 113.952690125
0.112771600 0.031409550 0.993124366 365.841735840 0.008466295 0.999433517 -0.032570463 -11.263901711 -0.993584871 0.012081108 0.112441801 114.192039490
0.111080959 0.032573901 0.993277371 368.101440430 0.008164252 0.999399066 -0.033687688 -11.359508514 -0.993777752 0.011851429 0.110748261 114.449188232
0.109508000 0.033256799 0.993429422 370.357818604 0.008874230 0.999367595 -0.034433816 -11.465423584 -0.993946314 0.012586702 0.109143622 114.699737549
0.108494915 0.032666683 0.993560135 372.627838135 0.010712034 0.999363482 -0.034027226 -11.573955536 -0.994039237 0.014334832 0.108075939 114.939315796
0.106649742 0.031706929 0.993790984 374.902374268 0.011449403 0.999385953 -0.033114146 -11.682097435 -0.994230688 0.014909928 0.106221221 115.182556152
0.105113298 0.031919971 0.993947744 377.137817383 0.011839083 0.999373794 -0.033346243 -11.783771515 -0.994389772 0.015272563 0.104669563 115.429313660
0.103275768 0.032709051 0.994114757 379.472320557 0.011016884 0.999360144 -0.034026153 -11.887222290 -0.994591713 0.014466127 0.102849342 115.650848389
0.100876257 0.034132384 0.994313300 381.751220703 0.010208911 0.999323189 -0.035340089 -11.981881142 -0.994846642 0.013715835 0.100459538 115.878341675
0.100109316 0.034174416 0.994389474 383.971832275 0.009710142 0.999328732 -0.035321742 -12.087729454 -0.994929075 0.013191694 0.099710301 116.108169556
0.098712042 0.033883415 0.994539022 386.222900391 0.010295370 0.999331892 -0.035068572 -12.197649002 -0.995062768 0.013700836 0.098297246 116.331970215
0.096957289 0.034646202 0.994685292 388.435638428 0.009704721 0.999313593 -0.035753384 -12.298601151 -0.995241225 0.013119694 0.096554495 116.570449829
0.096046895 0.035107955 0.994757414 390.684509277 0.009390250 0.999301374 -0.036174975 -12.403289795 -0.995332539 0.012815516 0.095650114 116.760131836
0.094396994 0.035657227 0.994895875 392.900085449 0.009129113 0.999285460 -0.036680721 -12.513525009 -0.995492756 0.012545065 0.094004013 116.985382080
0.093463905 0.035306673 0.994996428 395.152832031 0.009547268 0.999293268 -0.036355950 -12.626167297 -0.995576859 0.012897468 0.093060777 117.178909302
0.092798494 0.035198506 0.995062470 397.395477295 0.009892208 0.999293029 -0.036270685 -12.734145164 -0.995635808 0.013209230 0.092384689 117.373458862
0.090750478 0.036044620 0.995221019 399.586883545 0.008811972 0.999276578 -0.036995027 -12.836585045 -0.995834649 0.012127178 0.090367213 117.609992981
0.089469180 0.036165390 0.995332778 401.821594238 0.009538001 0.999263585 -0.037165575 -12.947549820 -0.995943904 0.012818661 0.089058354 117.811431885
0.088441543 0.035537299 0.995447218 404.035644531 0.009850681 0.999283254 -0.036549438 -13.053240776 -0.996032655 0.013038321 0.088028081 118.002380371
0.087666981 0.035820797 0.995505571 406.200744629 0.009091544 0.999282837 -0.036757339 -13.150597572 -0.996108472 0.012273085 0.087278433 118.194213867
0.086407378 0.036466464 0.995592177 408.387023926 0.008722818 0.999263883 -0.037358001 -13.264942169 -0.996221662 0.011912378 0.086025685 118.390365601
0.085445099 0.037014943 0.995655000 410.582336426 0.008459605 0.999246716 -0.037874449 -13.364257812 -0.996306956 0.011659035 0.085067600 118.553527832
0.084104426 0.036275782 0.995796323 412.784729004 0.008721737 0.999272108 -0.037139021 -13.471445084 -0.996418834 0.011808630 0.083726823 118.738540649
0.083857775 0.036257695 0.995818019 415.035461426 0.008181621 0.999279022 -0.037072692 -13.577721596 -0.996444106 0.011256239 0.083500698 118.898864746
0.083675586 0.037312068 0.995794296 417.211029053 0.007744254 0.999244213 -0.038092077 -13.683229446 -0.996463001 0.010899059 0.083323374 119.082656860
0.081648365 0.039280567 0.995886922 419.359252930 0.008363920 0.999160767 -0.040095422 -13.784923553 -0.996626079 0.011603243 0.081251308 119.285156250
0.080470353 0.039395615 0.995978117 421.553741455 0.008921683 0.999149978 -0.040241916 -13.895251274 -0.996717095 0.012124080 0.080050483 119.458435059
0.079265490 0.038042258 0.996127307 423.808074951 0.009661149 0.999195278 -0.038928192 -14.016635895 -0.996806681 0.012709397 0.078834176 119.588310242
0.077953614 0.038093653 0.996228874 426.026031494 0.008790819 0.999204576 -0.038895305 -14.111970901 -0.996918142 0.011789698 0.077556737 119.744277954
0.076642789 0.038484033 0.996315598 428.207763672 0.007945563 0.999199510 -0.039206650 -14.231705666 -0.997026980 0.010921195 0.076275654 119.892669678
0.074792176 0.039438274 0.996418953 430.383026123 0.006838264 0.999173880 -0.040060610 -14.339170456 -0.997175634 0.009809997 0.074460685 120.060958862
0.073007785 0.039700858 0.996540844 432.573608398 0.006365442 0.999168456 -0.040271878 -14.457745552 -0.997311056 0.009283583 0.072694376 120.220642090
0.071097702 0.040001657 0.996666908 434.737854004 0.005901461 0.999161184 -0.040522747 -14.566999435 -0.997451901 0.008762863 0.070801988 120.389022827
0.068940759 0.039553709 0.996836305 436.940917969 0.006486721 0.999174714 -0.040095121 -14.680780411 -0.997599602 0.009230389 0.068627276 120.542396545
0.066391125 0.038871106 0.997036159 439.081817627 0.006081295 0.999206543 -0.039360661 -14.787796021 -0.997775137 0.008676469 0.066102073 120.719085693
0.065185331 0.038788989 0.997119009 441.259552002 0.006462797 0.999206781 -0.039292708 -14.901557922 -0.997852385 0.009005483 0.064882934 120.863586426
0.063358188 0.040352695 0.997174799 443.458160400 0.006311113 0.999145985 -0.040833466 -15.008526802 -0.997970939 0.008880414 0.063049406 120.998191833
0.061900929 0.041716818 0.997210026 445.644104004 0.006436972 0.999088585 -0.042194966 -15.124101639 -0.998061657 0.009030920 0.061575983 121.128623962
0.060315460 0.041774914 0.997304857 447.790710449 0.007725730 0.999074340 -0.042316284 -15.241307259 -0.998149514 0.010257233 0.059936889 121.258895874
0.058671467 0.041081555 0.997431695 449.987640381 0.008400487 0.999097109 -0.041644286 -15.346914291 -0.998242021 0.010822242 0.058273390 121.384506226
0.057253379 0.040232819 0.997548699 452.117736816 0.008768406 0.999128878 -0.040799797 -15.453826904 -0.998321295 0.011082836 0.056850720 121.526351929
0.055323165 0.039457988 0.997688532 454.210296631 0.009064030 0.999157846 -0.040018711 -15.572608948 -0.998427331 0.011257040 0.054918934 121.679588318
0.054476339 0.039599162 0.997729540 456.345153809 0.009194218 0.999150991 -0.040157601 -15.676179886 -0.998472691 0.011360982 0.054066006 121.793701172
0.053421564 0.040282033 0.997759223 458.481689453 0.010200353 0.999111891 -0.040882792 -15.789833069 -0.998520076 0.012361518 0.052963223 121.913505554
0.052340351 0.040386114 0.997812271 460.650909424 0.010203872 0.999108136 -0.040973805 -15.897707939 -0.998577118 0.012326133 0.051881578 122.026245117
0.051919762 0.040802080 0.997817278 462.841461182 0.009606185 0.999098361 -0.041354306 -16.004356384 -0.998605072 0.011732324 0.051480979 122.120071411
0.050407369 0.041401584 0.997870147 464.994384766 0.009176679 0.999078929 -0.041915301 -16.107383728 -0.998686612 0.011269974 0.049981005 122.231872559
0.049849115 0.041026689 0.997913778 467.177276611 0.010222214 0.999082685 -0.041585378 -16.230596542 -0.998704433 0.012273883 0.049383994 122.310333252
0.048841644 0.040782768 0.997973502 469.324981689 0.009876305 0.999097466 -0.041312046 -16.337247849 -0.998757720 0.011874040 0.048394777 122.412902832
0.047577582 0.041073292 0.998022735 471.454681396 0.009442802 0.999091089 -0.041567415 -16.438215256 -0.998822927 0.011401806 0.047146492 122.520729065
0.045873933 0.041221429 0.998096347 473.607452393 0.009068210 0.999089897 -0.041679248 -16.546960831 -0.998906195 0.010962937 0.045458373 122.634132385
0.045152944 0.041633617 0.998112082 475.749877930 0.008574092 0.999078214 -0.042061798 -16.668365479 -0.998943269 0.010457118 0.044754352 122.716316223
0.042930260 0.043605667 0.998126030 477.963043213 0.006948852 0.999009848 -0.043943159 -16.774303436 -0.999053895 0.008822322 0.042584751 122.812309265
0.041675892 0.043386854 0.998188734 480.116638184 0.006009190 0.999027729 -0.043674216 -16.883417130 -0.999113142 0.007818466 0.041374657 122.905036926
0.040202711 0.042742316 0.998276949 482.290557861 0.007034048 0.999047816 -0.043058597 -17.007263184 -0.999166787 0.008753000 0.039863780 122.986755371
0.038795460 0.041816551 0.998371840 484.420806885 0.008396061 0.999074996 -0.042172257 -17.122249603 -0.999211848 0.010018479 0.038408495 123.081604004
0.037332200 0.041763619 0.998429835 486.572479248 0.008863920 0.999073267 -0.042121951 -17.237140656 -0.999263585 0.010422507 0.036927409 123.170349121
0.036563698 0.041384164 0.998474061 488.703186035 0.008986211 0.999088168 -0.041738689 -17.343341827 -0.999290943 0.010498620 0.036158472 123.245407104
0.034597997 0.041439328 0.998541772 490.839111328 0.009023737 0.999086320 -0.041774586 -17.447444916 -0.999360621 0.010455894 0.034192443 123.331031799
0.034016658 0.041547649 0.998557210 493.003021240 0.009076928 0.999081612 -0.041878674 -17.556091309 -0.999380052 0.010488406 0.033608284 123.381584167
0.032307986 0.041962471 0.998596668 495.161224365 0.008793705 0.999067664 -0.042266767 -17.661262512 -0.999439299 0.010146919 0.031908866 123.450035095
0.030497456 0.042238127 0.998642027 497.269042969 0.009057987 0.999053955 -0.042532187 -17.773521423 -0.999493778 0.010342808 0.030086018 123.549011230
0.028890809 0.041739598 0.998710752 499.378326416 0.009708376 0.999068975 -0.042035416 -17.884832382 -0.999535441 0.010910296 0.028458683 123.623275757
0.027172634 0.040830683 0.998796523 501.482604980 0.009141540 0.999113560 -0.041092340 -17.995859146 -0.999588966 0.010247126 0.026775291 123.699348450
0.025392851 0.040572800 0.998853981 503.598785400 0.008386154 0.999132276 -0.040797304 -18.099386215 -0.999642372 0.009412502 0.025030574 123.760009766
0.023374189 0.040175740 0.998919189 505.700866699 0.007616078 0.999156177 -0.040363476 -18.211702347 -0.999697804 0.008551312 0.023048483 123.842567444
0.022133242 0.040809508 0.998921871 507.814575195 0.007934413 0.999127924 -0.040993728 -18.321557999 -0.999723494 0.008833181 0.021790143 123.883399963
0.020169171 0.040572822 0.998972952 509.922790527 0.007234101 0.999144316 -0.040725831 -18.434284210 -0.999770403 0.008048079 0.019858399 123.947143555
0.018545989 0.039562717 0.999044895 512.071899414 0.007580351 0.999182522 -0.039708890 -18.546949387 -0.999799252 0.008309552 0.018230926 123.972961426
0.017460888 0.039864548 0.999052465 514.206970215 0.007580456 0.999170959 -0.040001754 -18.644880295 -0.999818802 0.008271739 0.017144218 123.991027832
0.015274006 0.040850628 0.999048471 516.308288574 0.006633657 0.999138951 -0.040955748 -18.759645462 -0.999861360 0.007252903 0.014989865 124.030799866
0.013334259 0.041377354 0.999054611 518.438293457 0.006947505 0.999115467 -0.041472610 -18.871322632 -0.999886930 0.007493943 0.013034996 124.061149597
0.011126674 0.041967988 0.999057114 520.561889648 0.007301860 0.999088824 -0.042050652 -18.979503632 -0.999911368 0.007762860 0.010810091 124.107154846
0.009150504 0.041413713 0.999100327 522.692199707 0.007635733 0.999109983 -0.041484058 -19.088800430 -0.999928951 0.008008462 0.008826137 124.128814697
0.007547341 0.041018367 0.999129891 524.827575684 0.008159194 0.999122679 -0.041079689 -19.193248749 -0.999938250 0.008462138 0.007206042 124.134231567
