1.000000000 -0.000000000 0.000000000 -0.000000002 -0.000000000 1.000000000 0.000000000 0.000000000 0.000000000 0.000000000 1.000000000 0.000000000
0.999991238 -0.002486055 -0.003363505 -0.002926555 0.002478658 0.999994516 -0.002201710 -0.005172152 0.003368961 0.002193354 0.999991894 0.666698515
0.999971390 -0.001350758 -0.007441151 -0.012447149 0.001323313 0.999992251 -0.003691886 -0.008681305 0.007446082 0.003681934 0.999965489 1.369149923
0.999935269 -0.001136421 -0.011323429 -0.028706592 0.001078091 0.999986053 -0.005156109 -0.010447906 0.011329132 0.005143567 0.999922574 2.072849274
0.999867737 0.000052980 -0.016269140 -0.047770586 -0.000148773 0.999982595 -0.005886843 -0.012566113 0.016268544 0.005888484 0.999850333 2.803086996
0.999792635 -0.000562766 -0.020355128 -0.069744758 0.000445967 0.999983430 -0.005742139 -0.030833829 0.020358019 0.005731870 0.999776363 3.535208464
0.999689877 0.001245931 -0.024871448 -0.095678136 -0.001422928 0.999973893 -0.007100053 -0.034303553 0.024861952 0.007133241 0.999665439 4.289439201
0.999561131 0.003990922 -0.029352032 -0.130992785 -0.004220763 0.999960899 -0.007772712 -0.044236638 0.029319864 0.007893189 0.999538958 5.046809196
0.999419808 0.004031559 -0.033820588 -0.158878922 -0.004231900 0.999973953 -0.005854142 -0.056571871 0.033796102 0.005993871 0.999410748 5.828393459
0.999258041 0.003468188 -0.038358930 -0.194112718 -0.003603384 0.999987602 -0.003455917 -0.060045600 0.038346462 0.003591576 0.999258041 6.632964611
0.999126792 0.002933004 -0.041677840 -0.233066022 -0.002954094 0.999995649 -0.000444444 -0.071500860 0.041676354 0.000567177 0.999131024 7.436031818
0.999008536 0.004903114 -0.044247720 -0.281714648 -0.004974503 0.999986410 -0.001503441 -0.078082770 0.044239756 0.001722060 0.999019444 8.250453949
0.998915136 0.004364384 -0.046364192 -0.326184452 -0.004445069 0.999988735 -0.001637290 -0.084340677 0.046356522 0.001841605 0.998923302 9.071969986
0.998855948 0.001989732 -0.047777731 -0.373418123 -0.002115082 0.999994397 -0.002573190 -0.088568598 0.047772340 0.002671300 0.998854697 9.895567894
0.998734176 0.000955866 -0.050290111 -0.406250179 -0.001027421 0.999998391 -0.001397013 -0.098898791 0.050288681 0.001446914 0.998733819 10.740768433
0.998651326 -0.000646431 -0.051914483 -0.451548815 0.000554598 0.999998152 -0.001783327 -0.105339430 0.051915538 0.001752130 0.998650014 11.592524529
0.998571038 0.001537761 -0.053418826 -0.510019243 -0.001744376 0.999991059 -0.003821424 -0.117242575 0.053412464 0.003909145 0.998564899 12.452783585
0.998490870 0.002137390 -0.054875843 -0.556690574 -0.002502623 0.999975204 -0.006587763 -0.127505302 0.054860402 0.006715156 0.998471439 13.310030937
0.998385727 0.005918507 -0.056487195 -0.616090775 -0.006386025 0.999946833 -0.008099623 -0.141200274 0.056436248 0.008447277 0.998370469 14.186147690
0.998312354 0.007079889 -0.057638522 -0.670554519 -0.007528175 0.999943137 -0.007564115 -0.153406993 0.057581678 0.007985263 0.998308837 15.078598022
0.998233795 0.005916129 -0.059112348 -0.725359380 -0.006285954 0.999961853 -0.006072341 -0.167394668 0.059074160 0.006433193 0.998232841 15.960961342
0.998164177 0.006566681 -0.060209449 -0.789261580 -0.006856751 0.999965906 -0.004612348 -0.178839862 0.060177099 0.005016723 0.998175085 16.857337952
0.998123944 0.006240848 -0.060907677 -0.849872470 -0.006517601 0.999969304 -0.004346196 -0.196143687 0.060878687 0.004735014 0.998133898 17.759946823
0.997995794 0.006139186 -0.062982336 -0.905768514 -0.006483507 0.999965131 -0.005264041 -0.208668917 0.062947817 0.005661838 0.998000920 18.663341522
0.997950554 0.004456346 -0.063835219 -0.970852971 -0.004826149 0.999972463 -0.005640069 -0.223465174 0.063808337 0.005936589 0.997944593 19.576446533
0.997911215 0.004239646 -0.064462706 -1.029848218 -0.004521623 0.999980807 -0.004229001 -0.231513470 0.064443551 0.004511643 0.997911215 20.496427536
0.997891426 0.006166411 -0.064612173 -1.086962938 -0.006242205 0.999980032 -0.000971267 -0.243198320 0.064604901 0.001372541 0.997909904 21.416112900
0.997941971 0.007260738 -0.063711986 -1.148699880 -0.007092818 0.999970794 0.002861388 -0.252920330 0.063730896 -0.002403602 0.997964203 22.344257355
0.998066783 0.006370870 -0.061821941 -1.217866421 -0.006047823 0.999967098 0.005411135 -0.255818963 0.061854377 -0.005026787 0.998072505 23.276388168
0.998150229 0.005831461 -0.060515452 -1.270886898 -0.005444507 0.999963701 0.006557205 -0.263946116 0.060551491 -0.006215599 0.998145640 24.225252151
0.998230815 0.006399964 -0.059112817 -1.326841712 -0.006194433 0.999974132 0.003659520 -0.270544499 0.059134707 -0.003286874 0.998244584 25.167964935
0.998276472 0.006819855 -0.058289539 -1.387838244 -0.006883815 0.999975860 -0.000896539 -0.277196378 0.058282029 0.001296249 0.998299301 26.107751846
0.998346210 0.006616487 -0.057104912 -1.440451145 -0.006854648 0.999968588 -0.003975739 -0.286485612 0.057076804 0.004360597 0.998360276 27.059099197
0.998393297 0.003868024 -0.056531154 -1.492111921 -0.004059844 0.999986351 -0.003278722 -0.293015540 0.056517698 0.003502962 0.998395443 28.018726349
0.998405457 0.002542775 -0.056391150 -1.554957151 -0.002456858 0.999995708 0.001592835 -0.303639770 0.056394950 -0.001451751 0.998407483 28.991327286
0.998370767 -0.001259356 -0.057043921 -1.610812426 0.001577347 0.999983370 0.005529810 -0.318276048 0.057036012 -0.005610779 0.998356342 29.955808640
0.998260498 -0.008765026 -0.058302127 -1.657240748 0.009079639 0.999945581 0.005133525 -0.327664077 0.058253951 -0.005653958 0.998285770 30.931344986
0.998161852 -0.010989186 -0.059598938 -1.715188384 0.011069085 0.999938190 0.001010587 -0.328701496 0.059584141 -0.001668435 0.998221874 31.904609680
0.998089194 -0.010592757 -0.060874131 -1.779077411 0.010417273 0.999940574 -0.003199390 -0.333799332 0.060904406 0.002559134 0.998140335 32.879440308
0.998002529 -0.009193497 -0.062500983 -1.861287117 0.008962725 0.999951899 -0.003971678 -0.340706140 0.062534496 0.003403566 0.998036981 33.864139557
0.997922957 -0.009539462 -0.063708149 -1.908605576 0.009424440 0.999953389 -0.002105695 -0.361581624 0.063725263 0.001500908 0.997966349 34.848258972
0.997851193 -0.006586709 -0.065188527 -1.976002097 0.006651358 0.999977648 0.000774744 -0.374345452 0.065181956 -0.001206672 0.997872651 35.849319458
0.997774422 -0.006592100 -0.066352800 -2.045003891 0.006740457 0.999975264 0.002012284 -0.385139644 0.066337883 -0.002455054 0.997794211 36.830963135
0.997715652 -0.005441851 -0.067334920 -2.114790440 0.005767293 0.999972641 0.004639721 -0.393013299 0.067307822 -0.005017463 0.997719646 37.807350159
0.997732341 -0.005457298 -0.067083366 -2.182523966 0.005994586 0.999951482 0.007810585 -0.404651612 0.067037463 -0.008195011 0.997716784 38.798576355
0.997707903 -0.000063607 -0.067668125 -2.259608984 0.000748916 0.999948740 0.010102196 -0.403698266 0.067663997 -0.010129718 0.997656703 39.788368225
0.997704983 0.000240747 -0.067711078 -2.338855028 0.000389931 0.999956667 0.009300886 -0.407117635 0.067710377 -0.009305943 0.997661591 40.777938843
0.997712851 0.000421258 -0.067593344 -2.404929399 0.000108596 0.999969304 0.007834977 -0.415949136 0.067594558 -0.007824397 0.997682214 41.778331757
0.997709751 0.002686842 -0.067588188 -2.484345198 -0.002316891 0.999981940 0.005551412 -0.420003295 0.067601889 -0.005382104 0.997697890 42.772411346
0.997666776 0.002269373 -0.068233386 -2.558154821 -0.001886346 0.999981999 0.005677390 -0.427937090 0.068245038 -0.005535432 0.997653246 43.750770569
0.997566283 0.000246735 -0.069723621 -2.625864983 0.000231791 0.999976456 0.006855004 -0.434079289 0.069723658 -0.006854482 0.997542858 44.739204407
0.997535288 0.001234979 -0.070155069 -2.697524309 -0.000680595 0.999968290 0.007925611 -0.445092410 0.070162624 -0.007858331 0.997504592 45.709960938
0.997519493 0.002935556 -0.070329778 -2.773591757 -0.002618415 0.999985933 0.004601109 -0.452889025 0.070342280 -0.004405543 0.997513175 46.681632996
0.997426808 0.003299658 -0.071615718 -2.845170975 -0.003274809 0.999994516 0.000464395 -0.460081786 0.071616843 -0.000228672 0.997432053 47.650257111
0.997388601 0.004623059 -0.072074689 -2.925258636 -0.004715945 0.999988198 -0.001118628 -0.464857310 0.072068661 0.001455607 0.997398615 48.602527618
0.997402132 0.003462530 -0.071951181 -3.000205755 -0.003277926 0.999991000 0.002683605 -0.481041491 0.071959816 -0.002440782 0.997404516 49.578163147
0.997369230 0.000785853 -0.072483175 -3.056261063 -0.000356632 0.999982357 0.005934414 -0.491186559 0.072486542 -0.005892952 0.997352004 50.560585022
0.997349143 -0.000912864 -0.072758622 -3.127475500 0.001405142 0.999976516 0.006715001 -0.501867533 0.072750770 -0.006799438 0.997326970 51.523906708
0.997328043 -0.004196096 -0.072932370 -3.197098494 0.004589291 0.999975860 0.005224469 -0.507979155 0.072908677 -0.005545218 0.997323215 52.482269287
0.997265756 -0.007302568 -0.073536687 -3.258595228 0.007626229 0.999962330 0.004121543 -0.515706778 0.073503830 -0.004671081 0.997283995 53.422702789
0.997196615 -0.008625013 -0.074326523 -3.332452774 0.009040922 0.999945223 0.005261070 -0.523820400 0.074277088 -0.005918300 0.997220099 54.374362946
0.997038603 -0.012407390 -0.075894706 -3.395938635 0.013163891 0.999868393 0.009475651 -0.528532445 0.075767152 -0.010446660 0.997070789 55.326404572
0.997007251 -0.012689818 -0.076259397 -3.470038414 0.013806351 0.999804795 0.014131896 -0.530400038 0.076065190 -0.015142468 0.996987879 56.263530731
0.996979594 -0.011017914 -0.076878168 -3.547566414 0.012309931 0.999790609 0.016352441 -0.529745042 0.076681890 -0.017249418 0.996906459 57.211364746
0.996876717 -0.009735531 -0.078370810 -3.624628782 0.010745840 0.999864280 0.012479978 -0.532203197 0.078238681 -0.013283160 0.996846199 58.144882202
0.996823370 -0.008106276 -0.079229966 -3.709687710 0.008513955 0.999952137 0.004809068 -0.538858771 0.079187177 -0.005468353 0.996844769 59.060615540
0.996757746 -0.006341908 -0.080211483 -3.787469149 0.006360792 0.999979734 -0.000020083 -0.550246596 0.080209978 -0.000490191 0.996777773 59.971492767
0.996718526 -0.001060202 -0.080940656 -3.872632504 0.001117813 0.999999166 0.000666451 -0.559291542 0.080939889 -0.000754740 0.996718645 60.870910645
0.996590495 0.001582094 -0.082493037 -3.954165459 -0.001320131 0.999993861 0.003230010 -0.574581504 0.082497641 -0.003110095 0.996586323 61.772579193
0.996518970 0.004111641 -0.083264820 -4.032285213 -0.003754247 0.999982953 0.004448376 -0.585669875 0.083281688 -0.004120295 0.996517479 62.653049469
0.996399105 0.004679370 -0.084657393 -4.107922554 -0.004348599 0.999982059 0.004091152 -0.592919648 0.084675021 -0.003708279 0.996401668 63.519676208
0.996284664 0.006378697 -0.085883871 -4.190519333 -0.005953802 0.999968708 0.005202545 -0.605094433 0.085914358 -0.004671882 0.996291578 64.364517212
0.996130824 0.007287823 -0.087579355 -4.266549110 -0.006802016 0.999959767 0.005844206 -0.616218805 0.087618411 -0.005225879 0.996140361 65.206588745
0.996029317 0.006955215 -0.088753782 -4.342721939 -0.006423596 0.999959588 0.006274027 -0.626718760 0.088793837 -0.005678995 0.996033847 66.024192810
0.995923996 0.006508747 -0.089961462 -4.417112827 -0.005871142 0.999955654 0.007350332 -0.631572604 0.090005323 -0.006792194 0.995918155 66.832023621
0.995778143 0.009682924 -0.091280177 -4.495968342 -0.008801704 0.999910712 0.010051649 -0.640409708 0.091369346 -0.009205791 0.995774508 67.630241394
0.995647728 0.011400618 -0.092496321 -4.576939583 -0.010132487 0.999848247 0.014168111 -0.645697832 0.092643790 -0.013169233 0.995612204 68.417396545
0.995457172 0.014338040 -0.094124019 -4.661582947 -0.012889264 0.999789238 0.015982173 -0.649960160 0.094333351 -0.014696383 0.995432198 69.201431274
0.995295107 0.017423648 -0.095310241 -4.741512775 -0.016373269 0.999796510 0.011791696 -0.656697750 0.095496297 -0.010175677 0.995377839 69.948097229
0.995137215 0.017071299 -0.097007848 -4.807833672 -0.016685830 0.999849319 0.004783441 -0.668134451 0.097074896 -0.003141524 0.995272219 70.672676086
0.995007694 0.016313761 -0.098455198 -4.879438400 -0.016492946 0.999863446 -0.001006348 -0.674486816 0.098425351 0.002625141 0.995140910 71.379371643
0.994951844 0.017112590 -0.098883957 -4.954518795 -0.017433353 0.999845207 -0.002380647 -0.678261161 0.098827921 0.004092508 0.995096147 72.076744080
0.994838059 0.019708226 -0.099543147 -5.033168793 -0.019687740 0.999805629 0.001188186 -0.687468290 0.099547192 0.000777727 0.995032489 72.750015259
0.994694769 0.020211602 -0.100866154 -5.105365753 -0.019952929 0.999794602 0.003572818 -0.705132961 0.100917637 -0.001541288 0.994893491 73.405708313
0.994663060 0.016942680 -0.101776436 -5.169743538 -0.017004579 0.999855340 0.000259400 -0.714225769 0.101766102 0.001472651 0.994807184 74.032203674
0.994760692 0.008729725 -0.101858079 -5.218383312 -0.009256075 0.999946117 -0.004695990 -0.732896924 0.101811588 0.005614192 0.994787872 74.624084473
0.994902372 0.004695474 -0.100733012 -5.276698112 -0.005685868 0.999938250 -0.009547023 -0.741056263 0.100681953 0.010071112 0.994867623 75.241165161
0.995171130 0.006955910 -0.097908579 -5.333173752 -0.007975440 0.999917924 -0.010025581 -0.747710347 0.097830802 0.010758035 0.995144844 75.825057983
0.995543957 0.011897096 -0.093544856 -5.400567055 -0.012583307 0.999898016 -0.006749198 -0.763826549 0.093455017 0.007896228 0.995592177 76.398834229
0.995975435 0.010543842 -0.089003429 -5.448224068 -0.010894997 0.999934554 -0.003460525 -0.778580606 0.088961117 0.004416291 0.996025324 76.949272156
0.996524870 0.006835110 -0.083016530 -5.487702847 -0.006841534 0.999976516 0.000207086 -0.780184865 0.083016001 0.000361594 0.996548176 77.496841431
0.997162998 0.002386555 -0.075234964 -5.503728867 -0.002080622 0.999989212 0.004144488 -0.803008795 0.075244039 -0.003976194 0.997157216 78.011108398
0.997893572 0.006059010 -0.064589120 -5.538349628 -0.005815248 0.999975145 0.003961370 -0.810766280 0.064611532 -0.003577423 0.997904122 78.526321411
0.998709023 0.011215652 -0.049545314 -5.561562061 -0.011054734 0.999932647 0.003520695 -0.818624735 0.049581461 -0.002968438 0.998765707 79.033813477
0.999371886 0.016350111 -0.031441499 -5.577265739 -0.016238550 0.999860942 0.003800281 -0.819113553 0.031499252 -0.003287330 0.999498367 79.527168274
0.999847114 0.014737341 -0.009414755 -5.565515041 -0.014696570 0.999882340 0.004384847 -0.826615930 0.009478278 -0.004245812 0.999946058 80.009864807
0.999794364 0.011122040 0.016953573 -5.535396576 -0.011215949 0.999922156 0.005454353 -0.834428430 -0.016891588 -0.005643381 0.999841511 80.448196411
0.998872936 0.010073674 0.046381682 -5.490419388 -0.010419517 0.999919593 0.007220755 -0.843996465 -0.046305213 -0.007695892 0.998897612 80.906936646
0.996773601 0.009631781 0.079684526 -5.436767578 -0.010357391 0.999908447 0.008697724 -0.851281703 -0.079593457 -0.009494986 0.996782184 81.354370117
0.993117929 0.009609745 0.116723657 -5.354985237 -0.010703092 0.999904454 0.008743803 -0.850129962 -0.116628490 -0.009932932 0.993125975 81.793403625
0.987274289 0.009862733 0.158720225 -5.267625809 -0.011354577 0.999899328 0.008495083 -0.851240814 -0.158620477 -0.010189177 0.987286985 82.219650269
0.979056954 0.008987483 0.203388587 -5.147670746 -0.010994713 0.999901235 0.008741168 -0.864870071 -0.203289971 -0.010794300 0.979059041 82.630912781
0.967509031 0.011115069 0.252591878 -5.031250000 -0.013279516 0.999888241 0.006865738 -0.871928811 -0.252487332 -0.009996965 0.967548490 82.994934082
0.952103615 0.012043333 0.305538356 -4.874881744 -0.013884367 0.999896169 0.003853122 -0.878783762 -0.305460215 -0.007910780 0.952171862 83.374603271
0.932324290 0.012284756 0.361414790 -4.692173004 -0.013817908 0.999903142 0.001657944 -0.882501483 -0.361359447 -0.006539739 0.932403624 83.747955322
0.907972574 0.012972354 0.418828875 -4.497974396 -0.014153218 0.999899745 -0.000287274 -0.886880875 -0.418790609 -0.005666938 0.908065140 84.095840454
0.878925383 0.013061877 0.476780415 -4.293834686 -0.013569814 0.999904990 -0.002377994 -0.892206967 -0.476766199 -0.004379740 0.879019201 84.405258179
0.845467746 0.011572463 0.533901095 -4.047840118 -0.011078900 0.999930024 -0.004129603 -0.902903378 -0.533911467 -0.002423590 0.845536947 84.713981628
0.808186948 0.012104614 0.588801742 -3.778568268 -0.009953145 0.999926627 -0.006894890 -0.898222923 -0.588841915 -0.000288068 0.808248103 85.029289246
0.769499600 0.009485856 0.638576746 -3.503597260 -0.008142484 0.999954104 -0.005042124 -0.916852772 -0.638595223 -0.001319688 0.769541621 85.258529663
0.726682305 0.009186684 0.686912239 -3.212993622 -0.009634285 0.999948561 -0.003181115 -0.921489596 -0.686906099 -0.004306248 0.726733446 85.510070801
0.681267023 0.008173888 0.731989264 -2.910335541 -0.008658400 0.999957681 -0.003107777 -0.925272346 -0.731983781 -0.004220629 0.681308985 85.738899231
0.634928405 0.007158547 0.772537827 -2.587055206 -0.005857610 0.999972939 -0.004451809 -0.932319403 -0.772548735 -0.001698645 0.634953141 85.941131592
0.588662982 0.004384071 0.808366656 -2.244747162 0.000380013 0.999983668 -0.005700014 -0.935627222 -0.808378339 0.003662577 0.588651717 86.120544434
0.541628838 0.006386417 0.840593517 -1.913421631 -0.002397561 0.999978781 -0.006052503 -0.952417254 -0.840614319 0.001262837 0.541632771 86.293167114
0.494461715 0.009371376 0.869148850 -1.584850311 -0.005081549 0.999955952 -0.007890857 -0.954121590 -0.869184494 -0.000514896 0.494487584 86.447242737
0.449163049 0.011946296 0.893369853 -1.244224548 -0.006400383 0.999927998 -0.010153264 -0.960902214 -0.893426895 -0.001157439 0.449207217 86.577896118
0.405283302 0.009272987 0.914144158 -0.905120850 0.000977448 0.999943554 -0.010576677 -0.966778278 -0.914190590 0.005180079 0.405251414 86.699600220
0.365909964 0.001434152 0.930649221 -0.536111832 0.015928082 0.999842703 -0.007803338 -0.972911954 -0.930514038 0.017678777 0.365829527 86.784347534
0.330475152 -0.002230626 0.943812072 -0.168760300 0.020266410 0.999783337 -0.004733361 -0.975448489 -0.943597078 0.020691944 0.330448747 86.875877380
0.297299653 0.002285159 0.954781532 0.199855804 0.017637802 0.999813259 -0.007884993 -0.980162680 -0.954621255 0.019184453 0.297203898 86.972007751
0.266233832 0.009673498 0.963860035 0.564292908 0.006678453 0.999907076 -0.011879972 -0.994417489 -0.963885367 0.009599944 0.266144514 87.072113037
0.237154022 0.014091014 0.971369982 0.956630707 0.001780081 0.999886870 -0.014939285 -1.013940692 -0.971470416 0.005272028 0.237102136 87.169677734
0.211778149 0.015835959 0.977189481 1.338598251 0.002875893 0.999854207 -0.016826525 -1.025592566 -0.977313519 0.006373781 0.211701766 87.231445312
0.188471407 0.017380880 0.981924891 1.740921021 0.010245759 0.999754131 -0.019663053 -1.033473969 -0.982025266 0.013766489 0.188246980 87.280342102
0.168365777 0.023283429 0.985449612 2.154586792 0.017211387 0.999499142 -0.026555978 -1.036909342 -0.985574305 0.021432070 0.167880744 87.323074341
0.148378432 0.031099349 0.988441527 2.580896378 0.019623652 0.999216020 -0.034384124 -1.028232098 -0.988735855 0.024498696 0.147651866 87.378318787
0.130398333 0.031542830 0.990959764 3.019062996 0.017402174 0.999267042 -0.034097165 -1.043342233 -0.991308868 0.021691069 0.129753828 87.434410095
0.115654178 0.026801068 0.992927969 3.470462799 0.015748654 0.999460876 -0.028811773 -1.067641973 -0.993164599 0.018969482 0.115169734 87.475372314
0.101055175 0.023725748 0.994597912 3.940988541 0.015643008 0.999554098 -0.025433369 -1.087481260 -0.994757771 0.018128674 0.100638986 87.516090393
0.087910891 0.021041116 0.995906115 4.426029205 0.018108636 0.999577880 -0.022717182 -1.105919361 -0.995963693 0.020031584 0.087492771 87.547828674
0.076463468 0.020396966 0.996863842 4.919465065 0.022111574 0.999510169 -0.022147164 -1.117806673 -0.996827126 0.023735674 0.075975016 87.570411682
0.066262402 0.020851117 0.997584462 5.435113430 0.025344033 0.999423921 -0.022572987 -1.131705642 -0.997480333 0.026778551 0.065695778 87.596626282
0.058354683 0.021398207 0.998066545 5.963057995 0.027577717 0.999354184 -0.023038220 -1.145066261 -0.997914970 0.028868785 0.057726871 87.621887207
0.052906040 0.021715377 0.998363316 6.512770653 0.029370351 0.999297142 -0.023292102 -1.161641717 -0.998167634 0.030554572 0.052231051 87.645515442
0.047357216 0.022864044 0.998616219 7.077984810 0.031091753 0.999219775 -0.024352321 -1.173030615 -0.998394012 0.032201987 0.046609379 87.665992737
0.041721083 0.023593292 0.998850584 7.657311440 0.031779010 0.999183953 -0.024928542 -1.188093305 -0.998623848 0.032782536 0.040937267 87.684135437
0.037308648 0.023392612 0.999029934 8.257886887 0.034196481 0.999110520 -0.024671564 -1.207385302 -0.998718500 0.035083771 0.036475517 87.700630188
0.034204848 0.023461737 0.999139428 8.881878853 0.035574287 0.999062300 -0.024677789 -1.225586653 -0.998781443 0.036387775 0.033338144 87.718765259
0.031170940 0.022930313 0.999251008 9.520498276 0.036715873 0.999035835 -0.024070699 -1.243588567 -0.998839378 0.037438687 0.030298986 87.734245300
0.028829349 0.022226678 0.999337256 10.174737930 0.039029155 0.998965323 -0.023344340 -1.265290022 -0.998822093 0.039676290 0.027932033 87.752059937
0.028124385 0.022030815 0.999361694 10.851718903 0.043706112 0.998773873 -0.023247851 -1.282286167 -0.998648465 0.044332039 0.027127022 87.764579773
0.029293299 0.021601843 0.999337494 11.544620514 0.046920989 0.998634696 -0.022962036 -1.302939177 -0.998468935 0.047562525 0.028239723 87.780075073
0.031439193 0.021710224 0.999269843 12.250156403 0.048036553 0.998575866 -0.023206484 -1.318614006 -0.998350680 0.048731074 0.030351536 87.800338745
0.035229068 0.021803835 0.999141335 12.973166466 0.050468497 0.998447418 -0.023568179 -1.337022543 -0.998104036 0.051255450 0.034073971 87.827270508
0.039589673 0.021344284 0.998987973 13.706388474 0.050883774 0.998431623 -0.023348905 -1.359505773 -0.997919619 0.051756665 0.038441498 87.856765747
0.043737158 0.019504407 0.998852670 14.457500458 0.052463923 0.998385131 -0.021792531 -1.380546093 -0.997664571 0.053356882 0.042643242 87.885910034
0.047668729 0.017884381 0.998703063 15.221317291 0.052095510 0.998434424 -0.020366121 -1.401693106 -0.997503757 0.052998770 0.046662398 87.926109314
0.051787656 0.015613369 0.998536050 16.003520966 0.049198773 0.998623848 -0.018166363 -1.424765110 -0.997445405 0.050067540 0.050948218 87.977043152
0.055607755 0.014737187 0.998344004 16.799388885 0.048138738 0.998688638 -0.017423606 -1.441249132 -0.997291565 0.049027901 0.054825410 88.026611328
0.059703816 0.015884295 0.998089731 17.601745605 0.045330893 0.998798668 -0.018607186 -1.459570169 -0.997186363 0.046355214 0.058912043 88.085937500
0.062463459 0.019963432 0.997847497 18.392398834 0.042995594 0.998817921 -0.022674290 -1.485763073 -0.997120738 0.044319358 0.061531279 88.140731812
0.064238973 0.025081338 0.997619331 19.201160431 0.037203524 0.998928964 -0.027509883 -1.514685154 -0.997240841 0.038882170 0.063237049 88.199295044
0.064183094 0.028281195 0.997537374 20.011030197 0.034520052 0.998937190 -0.030541958 -1.539895773 -0.997340918 0.036395326 0.063138604 88.253776550
0.064106204 0.027991557 0.997550488 20.824253082 0.032229044 0.999027014 -0.030104147 -1.569728017 -0.997422576 0.034079969 0.063141689 88.315734863
0.064173333 0.025999440 0.997600019 21.642303467 0.029541466 0.999172926 -0.027940771 -1.606131196 -0.997501373 0.031263620 0.063352205 88.376083374
0.063701265 0.024984429 0.997656167 22.460567474 0.030308284 0.999176919 -0.026957726 -1.635639429 -0.997508645 0.031954486 0.062891603 88.437232971
0.064067394 0.024163160 0.997652948 23.276046753 0.027998669 0.999269724 -0.026000340 -1.671346188 -0.997552693 0.029598728 0.063344069 88.496765137
0.064249143 0.024206337 0.997640193 24.082048416 0.026156200 0.999321461 -0.025931615 -1.707076788 -0.997591019 0.027760560 0.063572392 88.550399780
0.064277403 0.024821488 0.997623265 24.898237228 0.023107842 0.999385536 -0.026354184 -1.741137862 -0.997664392 0.024746899 0.063664339 88.610115051
0.062798537 0.026294427 0.997679770 25.711542130 0.020149365 0.999415755 -0.027608473 -1.773059130 -0.997822762 0.021836383 0.062232018 88.676025391
0.059854593 0.026006134 0.997868180 26.516014099 0.017256323 0.999484241 -0.027083321 -1.804617763 -0.998057961 0.018840600 0.059374947 88.730751038
0.056394119 0.025001921 0.998095512 27.324953079 0.015158773 0.999549687 -0.025894847 -1.830255270 -0.998293519 0.016590221 0.055989727 88.774070740
0.051251825 0.022409340 0.998434424 28.135066986 0.013284791 0.999644339 -0.023118444 -1.862766147 -0.998597443 0.014448853 0.050935902 88.823608398
0.045180004 0.020235283 0.998773932 28.944103241 0.010827238 0.999726176 -0.020744354 -1.893275023 -0.998920202 0.011751195 0.044948537 88.862205505
0.037985310 0.020614406 0.999065638 29.753398895 0.010873134 0.999719441 -0.021041306 -1.921468496 -0.999219120 0.011662236 0.037750512 88.891128540
0.029358843 0.021286303 0.999342263 30.554294586 0.010710777 0.999709070 -0.021608777 -1.950860500 -0.999511540 0.011338140 0.029122308 88.915214539
0.019426975 0.021913789 0.999571085 31.361246109 0.011198765 0.999692261 -0.022134095 -1.976529837 -0.999748528 0.011623959 0.019175593 88.932151794
0.009123820 0.020923091 0.999739468 32.146362305 0.012475850 0.999700904 -0.021036141 -2.005371094 -0.999880433 0.012664532 0.008860058 88.936256409
-0.001612831 0.019833719 0.999801993 32.941497803 0.011323547 0.999739587 -0.019814214 -2.035202742 -0.999934494 0.011289351 -0.001836997 88.936347961
-0.012842770 0.018973120 0.999737501 33.725753784 0.012830568 0.999740899 -0.018808361 -2.062577724 -0.999835014 0.012585650 -0.013082876 88.924598694
-0.023952873 0.019663535 0.999519646 34.502792358 0.012988234 0.999728322 -0.019356383 -2.085834265 -0.999628723 0.012518352 -0.024201760 88.907577515
-0.035190858 0.020326734 0.999173880 35.280937195 0.012958173 0.999718428 -0.019881429 -2.111090422 -0.999296606 0.012247822 -0.035444345 88.880821228
-0.045479041 0.021070307 0.998743057 36.052536011 0.012508061 0.999711215 -0.020521155 -2.142145395 -0.998887002 0.011559055 -0.045729455 88.836959839
-0.056066554 0.022248944 0.998179078 36.817905426 0.013184980 0.999681056 -0.021541834 -2.165510654 -0.998340011 0.011953192 -0.056342021 88.794807434
-0.065155201 0.022850860 0.997613430 37.567317963 0.014597032 0.999652684 -0.021944217 -2.195731640 -0.997768462 0.013132416 -0.065466121 88.731056213
-0.074833743 0.023513883 0.996918738 38.338500977 0.015002328 0.999635398 -0.022451805 -2.220637798 -0.997083247 0.013275946 -0.075159200 88.677970886
-0.084133506 0.023723135 0.996172071 39.078296661 0.015766736 0.999623179 -0.022473706 -2.250126362 -0.996329725 0.013815587 -0.084475823 88.614807129
-0.092632845 0.023120305 0.995431960 39.805931091 0.017028593 0.999621034 -0.021632960 -2.275603771 -0.995554745 0.014946881 -0.092991441 88.539001465
-0.099997543 0.021992341 0.994744599 40.540359497 0.019047191 0.999614775 -0.020185279 -2.303698540 -0.994805336 0.016928615 -0.100377910 88.459930420
-0.105370879 0.020521611 0.994221210 41.263946533 0.021807615 0.999594271 -0.018321274 -2.328732491 -0.994193792 0.019751066 -0.105775654 88.384468079
-0.108633913 0.018989218 0.993900418 41.967811584 0.025258040 0.999547541 -0.016336389 -2.351448536 -0.993760943 0.023329295 -0.109064370 88.292007446
-0.111851938 0.017975558 0.993562222 42.681800842 0.026787078 0.999527633 -0.015067880 -2.370881081 -0.993363678 0.024929263 -0.112280585 88.218772888
-0.113446787 0.017127356 0.993396401 43.366561890 0.026702555 0.999542773 -0.014183870 -2.392265320 -0.993185163 0.024917109 -0.113852240 88.138862610
-0.114362344 0.017542385 0.993284225 44.036094666 0.027814899 0.999508739 -0.014449827 -2.411823988 -0.993049622 0.025975585 -0.114794105 88.062126160
-0.113225393 0.018561844 0.993395925 44.685562134 0.028264860 0.999481022 -0.015453965 -2.432468653 -0.993167162 0.026328417 -0.113691285 87.988700867
-0.110232286 0.020193011 0.993700624 45.302780151 0.029330114 0.999424219 -0.017055698 -2.452398777 -0.993472993 0.027265260 -0.110761076 87.921279907
-0.105162896 0.020726537 0.994239032 45.937080383 0.029620880 0.999404311 -0.017701151 -2.473110437 -0.994013727 0.027588733 -0.105714202 87.855094910
-0.097127005 0.021584898 0.995037973 46.532592773 0.029359320 0.999391735 -0.018813545 -2.491856575 -0.994838774 0.027386332 -0.097701646 87.800735474
-0.086141661 0.021646285 0.996047795 47.114997864 0.027806720 0.999426603 -0.019314894 -2.515385628 -0.995894790 0.026033003 -0.086694188 87.762130737
-0.072548121 0.021762917 0.997127473 47.662216187 0.027043605 0.999437094 -0.019845715 -2.538987637 -0.996998131 0.025526149 -0.073095843 87.732711792
-0.055204719 0.022707552 0.998216927 48.221065521 0.026153797 0.999431133 -0.021288786 -2.569032431 -0.998132408 0.024931919 -0.055767223 87.713264465
-0.034155320 0.025294203 0.999096572 48.730442047 0.024219451 0.999406993 -0.024474103 -2.591030598 -0.999122977 0.023361644 -0.034747671 87.714195251
-0.009296279 0.028264236 0.999557376 49.254310608 0.022053657 0.999363124 -0.028053641 -2.615329981 -0.999713540 0.021783102 -0.009913687 87.726249695
0.018922750 0.030055638 0.999369085 49.765972137 0.020270303 0.999331057 -0.030438306 -2.635326624 -0.999615431 0.020833489 0.018300857 87.757545471
0.051665027 0.029733855 0.998221815 50.271678925 0.017476745 0.999376655 -0.030672807 -2.656952858 -0.998511553 0.019030379 0.051113173 87.810195923
0.091062889 0.026789272 0.995484829 50.745773315 0.016941613 0.999451697 -0.028445777 -2.679586649 -0.995701015 0.019455472 0.090559095 87.846145630
0.132837281 0.023278100 0.990864515 51.278686523 0.014637173 0.999569178 -0.025444878 -2.700409889 -0.991029739 0.017883485 0.132439315 87.947807312
0.178541183 0.019172382 0.983745635 51.769603729 0.011965885 0.999693871 -0.021654900 -2.718875647 -0.983859658 0.015637679 0.178257138 88.059494019
0.226826400 0.015811047 0.973806858 52.255737305 0.007578583 0.999809325 -0.017998487 -2.737052441 -0.973905742 0.011462610 0.226663291 88.202316284
0.278546512 0.014177770 0.960318148 52.726890564 0.003393549 0.999870300 -0.015746020 -2.755871058 -0.960416675 0.007644888 0.278462291 88.373176575
0.333274662 0.013680625 0.942730606 53.164726257 0.002033183 0.999882042 -0.015228755 -2.776761055 -0.942827523 0.006992104 0.333207488 88.563491821
0.388232529 0.015586593 0.921429634 53.589881897 0.004908514 0.999807835 -0.018980553 -2.775904894 -0.921548367 0.011891720 0.388081402 88.808273315
0.449070543 0.018053053 0.893313885 54.011333466 0.005931312 0.999713600 -0.023184977 -2.800710440 -0.893476605 0.015710214 0.448834836 89.042785645
0.509365320 0.021384509 0.860284686 54.410484314 0.006428281 0.999568760 -0.028652882 -2.819936991 -0.860526323 0.020124936 0.509008229 89.309417725
0.568841338 0.026304755 0.822026670 54.770835876 0.003225480 0.999409318 -0.034213014 -2.819901228 -0.822440922 0.022113206 0.568420529 89.584419250
0.621997774 0.029173516 0.782475352 55.092220306 -0.000709313 0.999326229 -0.036694657 -2.832871199 -0.783018649 0.022268977 0.621599495 89.931312561
0.675490797 0.029071495 0.736795187 55.417938232 -0.002213615 0.999297917 -0.037399553 -2.860450268 -0.737365127 0.023632076 0.675080895 90.271530151
0.724627435 0.026966562 0.688613057 55.710571289 -0.002767017 0.999339938 -0.036223114 -2.881955624 -0.689135253 0.024342857 0.724223793 90.626358032
0.768726766 0.025000785 0.639088511 55.954368591 -0.005934835 0.999471545 -0.031960059 -2.888921738 -0.639549732 0.020775674 0.768468976 91.014038086
0.810737967 0.021186180 0.585025668 56.212398529 -0.007304909 0.999633193 -0.026077572 -2.892765522 -0.585363626 0.016868511 0.810595393 91.416564941
0.847608328 0.019083014 0.530279279 56.433860779 -0.010019769 0.999750555 -0.019961968 -2.902390480 -0.530528009 0.011606649 0.847588003 91.839912415
0.878569067 0.016004883 0.477346927 56.614944458 -0.011269642 0.999854803 -0.012781896 -2.912063599 -0.477482229 0.005850245 0.878621936 92.272270203
0.904362261 0.017215397 0.426418066 56.777511597 -0.015690975 0.999851823 -0.007088158 -2.927394867 -0.426476926 -0.000280653 0.904498398 92.704689026
0.924239695 0.018623807 0.381358087 56.893047333 -0.018959412 0.999816120 -0.002877459 -2.948969364 -0.381341696 -0.004570865 0.924422920 93.112625122
0.939472437 0.023845304 0.341793627 57.014060974 -0.025252825 0.999681056 -0.000331674 -2.957360029 -0.341692567 -0.008319656 0.939774930 93.556327820
0.951433301 0.028033489 0.306575894 57.126258850 -0.029100353 0.999575973 -0.001091245 -2.961795092 -0.306476384 -0.007883222 0.951845527 94.014991760
0.960662127 0.030324399 0.276059061 57.231559753 -0.031248257 0.999511063 -0.001052514 -2.962144375 -0.275956005 -0.007615255 0.961140096 94.481613159
0.966734886 0.025101291 0.254545808 57.339759827 -0.025730608 0.999668539 -0.000857581 -2.968045473 -0.254482985 -0.005720567 0.967060328 94.948112488
0.970844507 0.022288868 0.238671213 57.453163147 -0.022997117 0.999735534 0.000182919 -2.983410597 -0.238604009 -0.005666338 0.971100390 95.426818848
0.973703027 0.026468514 0.226277903 57.545639038 -0.027135167 0.999631703 -0.000164271 -2.987856388 -0.226198912 -0.005980140 0.974062622 95.922546387
0.975654662 0.032452170 0.216897845 57.632385254 -0.033384886 0.999442339 0.000636459 -2.991870642 -0.216756225 -0.007862075 0.976194024 96.440841675
0.976858556 0.038416993 0.210407630 57.736690521 -0.038987156 0.999238670 -0.001439137 -2.979974508 -0.210302711 -0.006797364 0.977612734 96.928367615
0.977219641 0.044294581 0.207556635 57.831665039 -0.044246111 0.999008715 -0.004878206 -2.986933708 -0.207567021 -0.004416498 0.978210926 97.447471619
0.977309883 0.045963924 0.206766948 57.939399719 -0.045347754 0.998941362 -0.007721046 -2.994241714 -0.206902966 -0.001830562 0.978359818 97.986679077
0.976743340 0.045219216 0.209589273 58.053436279 -0.043887436 0.998975873 -0.011003206 -3.011838675 -0.209872186 0.001548974 0.977727652 98.516960144
0.975995839 0.043874066 0.213323787 58.176689148 -0.041061312 0.999001563 -0.017600454 -3.018875122 -0.213882998 0.008418620 0.976823092 99.078491211
0.975261927 0.043038484 0.216822281 58.315876007 -0.039097615 0.998983502 -0.022434622 -3.020718575 -0.217567429 0.013402401 0.975953281 99.622688293
0.974071503 0.047419991 0.221215025 58.439109802 -0.043499175 0.998798549 -0.022564989 -3.026619434 -0.222019270 0.012357241 0.974963963 100.205039978
0.972544909 0.050830770 0.227095902 58.566692352 -0.047947712 0.998684049 -0.018197484 -3.047608852 -0.227722034 0.006809142 0.973702431 100.794685364
0.971584797 0.047600694 0.231855899 58.713539124 -0.045675255 0.998862863 -0.013668726 -3.059860945 -0.232242882 0.002690249 0.972654164 101.390426636
0.970856249 0.043570422 0.235668585 58.865486145 -0.042907871 0.999047518 -0.007941383 -3.076158047 -0.235790089 -0.002402097 0.971801043 102.011909485
0.970076501 0.041082446 0.239298657 59.022933960 -0.041578531 0.999130785 -0.002976967 -3.091429234 -0.239212960 -0.007061800 0.970941484 102.638656616
0.969510615 0.036322147 0.242342755 59.183807373 -0.036850482 0.999318004 -0.002353892 -3.100388288 -0.242262974 -0.006648323 0.970187843 103.275520325
0.969493210 0.032836132 0.242908910 59.343830109 -0.032411192 0.999458134 -0.005746616 -3.106911421 -0.242966011 -0.002301662 0.970032036 103.918060303
0.969662130 0.032333333 0.242301583 59.510101318 -0.030200865 0.999465525 -0.012510953 -3.120281219 -0.242576584 0.004813680 0.970120370 104.561882019
0.969842315 0.034563709 0.241269886 59.668579102 -0.030876435 0.999341726 -0.019047862 -3.134595871 -0.241769359 0.011023870 0.970271230 105.206268311
0.970467925 0.037313793 0.238326833 59.829639435 -0.032796882 0.999199927 -0.022891290 -3.143970490 -0.238990277 0.014398887 0.970915198 105.882652283
0.971050143 0.036123686 0.236128658 59.991466522 -0.032578260 0.999290466 -0.018900396 -3.153122187 -0.236643836 0.010660571 0.971538007 106.577835083
0.971427619 0.031864390 0.235187426 60.157546997 -0.030097127 0.999485314 -0.011100952 -3.174361706 -0.235420093 0.003705303 0.971886635 107.286239624
0.972051859 0.032309022 0.232532457 60.331226349 -0.031988759 0.999474943 -0.005149045 -3.191122293 -0.232576743 -0.002433287 0.972574949 108.010711670
0.972322404 0.035734605 0.230894357 60.492034912 -0.035298564 0.999358714 -0.006020524 -3.202502728 -0.230961442 -0.002296349 0.972960234 108.736625671
0.972661018 0.041135680 0.228557497 60.650520325 -0.039773505 0.999152899 -0.010564931 -3.214701653 -0.228798494 0.001185562 0.973473072 109.469978333
0.973504841 0.042197324 0.224739552 60.817897797 -0.039664671 0.999088466 -0.015774315 -3.227996826 -0.225200340 0.006442151 0.974291205 110.207458496
0.974446952 0.040811695 0.220879346 60.987411499 -0.037560180 0.999115467 -0.018902635 -3.239659071 -0.221455425 0.010123348 0.975117922 110.964920044
0.975458443 0.038497619 0.216792092 61.158813477 -0.035591763 0.999216616 -0.017293954 -3.255902767 -0.217288107 0.009153523 0.976064622 111.738464355
0.976272762 0.035097383 0.213680655 61.326751709 -0.032646712 0.999354541 -0.014987923 -3.278537035 -0.214068741 0.007656332 0.976788640 112.513610840
0.976706207 0.033763148 0.211907759 61.496749878 -0.031900775 0.999416590 -0.012202289 -3.295592785 -0.212196067 0.005158030 0.977213562 113.308311462
0.977046192 0.030900799 0.210774183 61.666740417 -0.029451624 0.999516010 -0.010011876 -3.308263540 -0.210981533 0.003574423 0.977483571 114.109390259
0.977282226 0.025495745 0.210403070 61.839111328 -0.024204876 0.999669015 -0.008708577 -3.326596498 -0.210555449 0.003417957 0.977575898 114.894378662
0.977403700 0.026239961 0.209746227 62.007678986 -0.025310665 0.999654293 -0.007114054 -3.340423584 -0.209860384 0.001644485 0.977729976 115.697753906
0.977157414 0.031605981 0.210153610 62.170921326 -0.030353719 0.999497056 -0.009182417 -3.352466106 -0.210338101 0.002593723 0.977625310 116.519630432
0.976900697 0.037106957 0.210447267 62.343185425 -0.035290334 0.999300539 -0.012382387 -3.370360851 -0.210759521 0.004669611 0.977526724 117.336357117
0.976315141 0.045777164 0.211454779 62.506835938 -0.043810010 0.998942018 -0.013980987 -3.383522511 -0.211871088 0.004386014 0.977287829 118.169029236
0.975394189 0.051581372 0.214349046 62.671943665 -0.049861897 0.998665929 -0.013424575 -3.401985168 -0.214755550 0.002406405 0.976664782 118.997276306
0.974584699 0.054174662 0.217369959 62.846530914 -0.052946344 0.998531520 -0.011475367 -3.422977448 -0.217672378 -0.000325225 0.976021886 119.836944580
0.974009097 0.054752458 0.219792128 63.032730103 -0.053409357 0.998499990 -0.012052872 -3.450603962 -0.220122322 0.000000652 0.975472212 120.666694641
0.973624051 0.053217087 0.221865505 63.216220856 -0.051133037 0.998577237 -0.015130831 -3.463417768 -0.222355008 0.003387082 0.974959850 121.499893188
0.973586798 0.047210488 0.223383069 63.408626556 -0.045308694 0.998879969 -0.013634274 -3.485817432 -0.223776549 0.003152951 0.974635303 122.348655701
0.973921597 0.040710241 0.223202273 63.617317200 -0.038309496 0.999152124 -0.015077231 -3.513407469 -0.223626807 0.006133274 0.974655509 123.159866333
0.973693311 0.039609578 0.224393487 63.805175781 -0.037176065 0.999195218 -0.015061097 -3.535581589 -0.224809453 0.006322825 0.974382281 123.998977661
0.973110855 0.042295359 0.226420984 63.993690491 -0.040542170 0.999100983 -0.012389835 -3.553212643 -0.226741463 0.002877087 0.973950744 124.846664429
0.972656786 0.044276379 0.227987677 64.178085327 -0.043945804 0.999012589 -0.006528729 -3.572249889 -0.228051603 -0.003668889 0.973642230 125.691993713
0.972294629 0.048116531 0.228753179 64.367538452 -0.048827473 0.998803854 -0.002554246 -3.592253208 -0.228602499 -0.008685961 0.973481178 126.531707764
0.972076297 0.047407117 0.229827106 64.552200317 -0.046632577 0.998873353 -0.008803526 -3.613389015 -0.229985565 -0.002159734 0.973191619 127.335998535
0.972358942 0.043328676 0.229435891 64.746337891 -0.039037857 0.998968244 -0.023209762 -3.636101007 -0.230204821 0.013611530 0.973047018 128.142242432
